    156.000     100.000     250.000
    156.000     300.000       0.000
     39.000     100.000     250.000
     39.000     300.000       0.000
    109.000     100.000     250.000
    109.000     300.000       0.000
     44.000     100.000     250.000
     44.000     300.000       0.000
     19.000     100.000     250.000
     19.000     300.000       0.000
     95.000     100.000     250.000
     95.000     300.000       0.000
     17.000     100.000     250.000
     17.000     300.000       0.000
    100.000     100.000     250.000
    100.000     300.000       0.000
     72.000     100.000     250.000
     72.000     300.000       0.000
