     83.000     100.000     250.000
     83.000     300.000       0.000
    186.000     100.000     250.000
    186.000     300.000       0.000
    178.000     100.000     250.000
    178.000     300.000       0.000
     68.000     100.000     250.000
     68.000     300.000       0.000
    113.000     100.000     250.000
    113.000     300.000       0.000
     39.000     100.000     250.000
     39.000     300.000       0.000
     36.000     100.000     250.000
     36.000     300.000       0.000
    153.000     100.000     250.000
    153.000     300.000       0.000
