    117.000     100.000     250.000
    117.000     300.000       0.000
    188.000     100.000     250.000
    188.000     300.000       0.000
     21.000     100.000     250.000
     21.000     300.000       0.000
     92.000     100.000     250.000
     92.000     300.000       0.000
     80.000     100.000     250.000
     80.000     300.000       0.000
    104.000     100.000     250.000
    104.000     300.000       0.000
    128.000     100.000     250.000
    128.000     300.000       0.000
     88.000     100.000     250.000
     88.000     300.000       0.000
