    189.000     100.000     250.000
    189.000     300.000       0.000
      9.000     100.000     250.000
      9.000     300.000       0.000
    181.000     100.000     250.000
    181.000     300.000       0.000
    168.000     100.000     250.000
    168.000     300.000       0.000
     69.000     100.000     250.000
     69.000     300.000       0.000
     43.000     100.000     250.000
     43.000     300.000       0.000
     35.000     100.000     250.000
     35.000     300.000       0.000
     59.000     100.000     250.000
     59.000     300.000       0.000
    119.000     100.000     250.000
    119.000     300.000       0.000
