     13.000     100.000     250.000
     13.000     300.000       0.000
      4.000     100.000     250.000
      4.000     300.000       0.000
    132.000     100.000     250.000
    132.000     300.000       0.000
      4.000     100.000     250.000
      4.000     300.000       0.000
    113.000     100.000     250.000
    113.000     300.000       0.000
     80.000     100.000     250.000
     80.000     300.000       0.000
    129.000     100.000     250.000
    129.000     300.000       0.000
