    145.000     100.000     250.000
    145.000     300.000       0.000
    170.000     100.000     250.000
    170.000     300.000       0.000
    158.000     100.000     250.000
    158.000     300.000       0.000
     52.000     100.000     250.000
     52.000     300.000       0.000
    102.000     100.000     250.000
    102.000     300.000       0.000
     41.000     100.000     250.000
     41.000     300.000       0.000
     89.000     100.000     250.000
     89.000     300.000       0.000
