     30.000     100.000     250.000
     30.000     300.000       0.000
    187.000     100.000     250.000
    187.000     300.000       0.000
    176.000     100.000     250.000
    176.000     300.000       0.000
      2.000     100.000     250.000
      2.000     300.000       0.000
     85.000     100.000     250.000
     85.000     300.000       0.000
    159.000     100.000     250.000
    159.000     300.000       0.000
     84.000     100.000     250.000
     84.000     300.000       0.000
