    116.000     100.000     250.000
    116.000     300.000       0.000
    101.000     100.000     250.000
    101.000     300.000       0.000
      2.000     100.000     250.000
      2.000     300.000       0.000
     81.000     100.000     250.000
     81.000     300.000       0.000
     48.000     100.000     250.000
     48.000     300.000       0.000
     87.000     100.000     250.000
     87.000     300.000       0.000
    145.000     100.000     250.000
    145.000     300.000       0.000
     16.000     100.000     250.000
     16.000     300.000       0.000
