     38.000     100.000     250.000
     38.000     300.000       0.000
     93.000     100.000     250.000
     93.000     300.000       0.000
     55.000     100.000     250.000
     55.000     300.000       0.000
     16.000     100.000     250.000
     16.000     300.000       0.000
    132.000     100.000     250.000
    132.000     300.000       0.000
    125.000     100.000     250.000
    125.000     300.000       0.000
    120.000     100.000     250.000
    120.000     300.000       0.000
      3.000     100.000     250.000
      3.000     300.000       0.000
    155.000     100.000     250.000
    155.000     300.000       0.000
     84.000     100.000     250.000
     84.000     300.000       0.000
