    156.000     100.000     250.000
    156.000     300.000       0.000
     34.000     100.000     250.000
     34.000     300.000       0.000
     19.000     100.000     250.000
     19.000     300.000       0.000
    170.000     100.000     250.000
    170.000     300.000       0.000
     44.000     100.000     250.000
     44.000     300.000       0.000
     31.000     100.000     250.000
     31.000     300.000       0.000
    172.000     100.000     250.000
    172.000     300.000       0.000
     85.000     100.000     250.000
     85.000     300.000       0.000
    110.000     100.000     250.000
    110.000     300.000       0.000
