      6.000     100.000     250.000
      6.000     300.000       0.000
    169.000     100.000     250.000
    169.000     300.000       0.000
    136.000     100.000     250.000
    136.000     300.000       0.000
     56.000     100.000     250.000
     56.000     300.000       0.000
     27.000     100.000     250.000
     27.000     300.000       0.000
     26.000     100.000     250.000
     26.000     300.000       0.000
    178.000     100.000     250.000
    178.000     300.000       0.000
     94.000     100.000     250.000
     94.000     300.000       0.000
