     35.000     100.000     250.000
     35.000     300.000       0.000
    156.000     100.000     250.000
    156.000     300.000       0.000
    155.000     100.000     250.000
    155.000     300.000       0.000
      4.000     100.000     250.000
      4.000     300.000       0.000
     25.000     100.000     250.000
     25.000     300.000       0.000
    130.000     100.000     250.000
    130.000     300.000       0.000
    165.000     100.000     250.000
    165.000     300.000       0.000
