     24.000     100.000     250.000
     24.000     300.000       0.000
    114.000     100.000     250.000
    114.000     300.000       0.000
    142.000     100.000     250.000
    142.000     300.000       0.000
    146.000     100.000     250.000
    146.000     300.000       0.000
     25.000     100.000     250.000
     25.000     300.000       0.000
    105.000     100.000     250.000
    105.000     300.000       0.000
    161.000     100.000     250.000
    161.000     300.000       0.000
    133.000     100.000     250.000
    133.000     300.000       0.000
    118.000     100.000     250.000
    118.000     300.000       0.000
    157.000     100.000     250.000
    157.000     300.000       0.000
