    147.000     100.000     250.000
    147.000     300.000       0.000
    110.000     100.000     250.000
    110.000     300.000       0.000
    116.000     100.000     250.000
    116.000     300.000       0.000
    124.000     100.000     250.000
    124.000     300.000       0.000
     75.000     100.000     250.000
     75.000     300.000       0.000
    128.000     100.000     250.000
    128.000     300.000       0.000
    159.000     100.000     250.000
    159.000     300.000       0.000
