     55.000     100.000     250.000
     55.000     300.000       0.000
     97.000     100.000     250.000
     97.000     300.000       0.000
    174.000     100.000     250.000
    174.000     300.000       0.000
    159.000     100.000     250.000
    159.000     300.000       0.000
    139.000     100.000     250.000
    139.000     300.000       0.000
    142.000     100.000     250.000
    142.000     300.000       0.000
      2.000     100.000     250.000
      2.000     300.000       0.000
     22.000     100.000     250.000
     22.000     300.000       0.000
     59.000     100.000     250.000
     59.000     300.000       0.000
