     25.000     100.000     250.000
     25.000     300.000       0.000
     26.000     100.000     250.000
     26.000     300.000       0.000
     55.000     100.000     250.000
     55.000     300.000       0.000
     45.000     100.000     250.000
     45.000     300.000       0.000
    188.000     100.000     250.000
    188.000     300.000       0.000
    184.000     100.000     250.000
    184.000     300.000       0.000
    180.000     100.000     250.000
    180.000     300.000       0.000
