     44.000     100.000     250.000
     44.000     300.000       0.000
     23.000     100.000     250.000
     23.000     300.000       0.000
     18.000     100.000     250.000
     18.000     300.000       0.000
     47.000     100.000     250.000
     47.000     300.000       0.000
    151.000     100.000     250.000
    151.000     300.000       0.000
      4.000     100.000     250.000
      4.000     300.000       0.000
     80.000     100.000     250.000
     80.000     300.000       0.000
    100.000     100.000     250.000
    100.000     300.000       0.000
     42.000     100.000     250.000
     42.000     300.000       0.000
     73.000     100.000     250.000
     73.000     300.000       0.000
