     40.000     100.000     250.000
     40.000     300.000       0.000
    164.000     100.000     250.000
    164.000     300.000       0.000
     64.000     100.000     250.000
     64.000     300.000       0.000
    137.000     100.000     250.000
    137.000     300.000       0.000
     53.000     100.000     250.000
     53.000     300.000       0.000
     45.000     100.000     250.000
     45.000     300.000       0.000
    174.000     100.000     250.000
    174.000     300.000       0.000
    172.000     100.000     250.000
    172.000     300.000       0.000
