    104.000     100.000     250.000
    104.000     300.000       0.000
    139.000     100.000     250.000
    139.000     300.000       0.000
     37.000     100.000     250.000
     37.000     300.000       0.000
     36.000     100.000     250.000
     36.000     300.000       0.000
     23.000     100.000     250.000
     23.000     300.000       0.000
     49.000     100.000     250.000
     49.000     300.000       0.000
     78.000     100.000     250.000
     78.000     300.000       0.000
     26.000     100.000     250.000
     26.000     300.000       0.000
    168.000     100.000     250.000
    168.000     300.000       0.000
     53.000     100.000     250.000
     53.000     300.000       0.000
