     60.000     100.000     250.000
     60.000     300.000       0.000
    179.000     100.000     250.000
    179.000     300.000       0.000
    177.000     100.000     250.000
    177.000     300.000       0.000
     34.000     100.000     250.000
     34.000     300.000       0.000
     59.000     100.000     250.000
     59.000     300.000       0.000
     74.000     100.000     250.000
     74.000     300.000       0.000
     42.000     100.000     250.000
     42.000     300.000       0.000
     26.000     100.000     250.000
     26.000     300.000       0.000
