     57.000     100.000     250.000
     57.000     300.000       0.000
    156.000     100.000     250.000
    156.000     300.000       0.000
    160.000     100.000     250.000
    160.000     300.000       0.000
     70.000     100.000     250.000
     70.000     300.000       0.000
     94.000     100.000     250.000
     94.000     300.000       0.000
     42.000     100.000     250.000
     42.000     300.000       0.000
     13.000     100.000     250.000
     13.000     300.000       0.000
    130.000     100.000     250.000
    130.000     300.000       0.000
