     95.000     100.000     250.000
     95.000     300.000       0.000
     37.000     100.000     250.000
     37.000     300.000       0.000
     38.000     100.000     250.000
     38.000     300.000       0.000
    151.000     100.000     250.000
    151.000     300.000       0.000
    123.000     100.000     250.000
    123.000     300.000       0.000
    165.000     100.000     250.000
    165.000     300.000       0.000
     95.000     100.000     250.000
     95.000     300.000       0.000
     48.000     100.000     250.000
     48.000     300.000       0.000
