    136.000     100.000     250.000
    136.000     300.000       0.000
    190.000     100.000     250.000
    190.000     300.000       0.000
      1.000     100.000     250.000
      1.000     300.000       0.000
    105.000     100.000     250.000
    105.000     300.000       0.000
     94.000     100.000     250.000
     94.000     300.000       0.000
    156.000     100.000     250.000
    156.000     300.000       0.000
     12.000     100.000     250.000
     12.000     300.000       0.000
     60.000     100.000     250.000
     60.000     300.000       0.000
    154.000     100.000     250.000
    154.000     300.000       0.000
