    187.000     100.000     250.000
    187.000     300.000       0.000
    138.000     100.000     250.000
    138.000     300.000       0.000
    170.000     100.000     250.000
    170.000     300.000       0.000
     14.000     100.000     250.000
     14.000     300.000       0.000
    128.000     100.000     250.000
    128.000     300.000       0.000
     96.000     100.000     250.000
     96.000     300.000       0.000
    174.000     100.000     250.000
    174.000     300.000       0.000
    122.000     100.000     250.000
    122.000     300.000       0.000
    172.000     100.000     250.000
    172.000     300.000       0.000
