    138.000     100.000     250.000
    138.000     300.000       0.000
     26.000     100.000     250.000
     26.000     300.000       0.000
    162.000     100.000     250.000
    162.000     300.000       0.000
      4.000     100.000     250.000
      4.000     300.000       0.000
     77.000     100.000     250.000
     77.000     300.000       0.000
     13.000     100.000     250.000
     13.000     300.000       0.000
     16.000     100.000     250.000
     16.000     300.000       0.000
    154.000     100.000     250.000
    154.000     300.000       0.000
     16.000     100.000     250.000
     16.000     300.000       0.000
