     54.000     100.000     250.000
     54.000     300.000       0.000
     59.000     100.000     250.000
     59.000     300.000       0.000
    145.000     100.000     250.000
    145.000     300.000       0.000
    123.000     100.000     250.000
    123.000     300.000       0.000
    163.000     100.000     250.000
    163.000     300.000       0.000
     76.000     100.000     250.000
     76.000     300.000       0.000
     50.000     100.000     250.000
     50.000     300.000       0.000
    182.000     100.000     250.000
    182.000     300.000       0.000
    121.000     100.000     250.000
    121.000     300.000       0.000
     29.000     100.000     250.000
     29.000     300.000       0.000
