     87.000     100.000     250.000
     87.000     300.000       0.000
    165.000     100.000     250.000
    165.000     300.000       0.000
    138.000     100.000     250.000
    138.000     300.000       0.000
     52.000     100.000     250.000
     52.000     300.000       0.000
    171.000     100.000     250.000
    171.000     300.000       0.000
     66.000     100.000     250.000
     66.000     300.000       0.000
     39.000     100.000     250.000
     39.000     300.000       0.000
