     35.000     100.000     250.000
     35.000     300.000       0.000
    121.000     100.000     250.000
    121.000     300.000       0.000
     59.000     100.000     250.000
     59.000     300.000       0.000
    155.000     100.000     250.000
    155.000     300.000       0.000
    139.000     100.000     250.000
    139.000     300.000       0.000
    111.000     100.000     250.000
    111.000     300.000       0.000
    185.000     100.000     250.000
    185.000     300.000       0.000
    126.000     100.000     250.000
    126.000     300.000       0.000
