     66.000     100.000     250.000
     66.000     300.000       0.000
     41.000     100.000     250.000
     41.000     300.000       0.000
     18.000     100.000     250.000
     18.000     300.000       0.000
     75.000     100.000     250.000
     75.000     300.000       0.000
    183.000     100.000     250.000
    183.000     300.000       0.000
    170.000     100.000     250.000
    170.000     300.000       0.000
    109.000     100.000     250.000
    109.000     300.000       0.000
    114.000     100.000     250.000
    114.000     300.000       0.000
    151.000     100.000     250.000
    151.000     300.000       0.000
    148.000     100.000     250.000
    148.000     300.000       0.000
