    108.000     100.000     250.000
    108.000     300.000       0.000
     99.000     100.000     250.000
     99.000     300.000       0.000
    173.000     100.000     250.000
    173.000     300.000       0.000
     30.000     100.000     250.000
     30.000     300.000       0.000
     58.000     100.000     250.000
     58.000     300.000       0.000
    135.000     100.000     250.000
    135.000     300.000       0.000
     47.000     100.000     250.000
     47.000     300.000       0.000
     21.000     100.000     250.000
     21.000     300.000       0.000
    102.000     100.000     250.000
    102.000     300.000       0.000
     58.000     100.000     250.000
     58.000     300.000       0.000
