     29.000     100.000     250.000
     29.000     300.000       0.000
     12.000     100.000     250.000
     12.000     300.000       0.000
    151.000     100.000     250.000
    151.000     300.000       0.000
     20.000     100.000     250.000
     20.000     300.000       0.000
     37.000     100.000     250.000
     37.000     300.000       0.000
    139.000     100.000     250.000
    139.000     300.000       0.000
    118.000     100.000     250.000
    118.000     300.000       0.000
    191.000     100.000     250.000
    191.000     300.000       0.000
