     18.000     100.000     250.000
     18.000     300.000       0.000
     18.000     100.000     250.000
     18.000     300.000       0.000
    141.000     100.000     250.000
    141.000     300.000       0.000
     97.000     100.000     250.000
     97.000     300.000       0.000
     70.000     100.000     250.000
     70.000     300.000       0.000
    160.000     100.000     250.000
    160.000     300.000       0.000
    178.000     100.000     250.000
    178.000     300.000       0.000
     55.000     100.000     250.000
     55.000     300.000       0.000
     78.000     100.000     250.000
     78.000     300.000       0.000
