      1.000     100.000     250.000
      1.000     300.000       0.000
     46.000     100.000     250.000
     46.000     300.000       0.000
     54.000     100.000     250.000
     54.000     300.000       0.000
     83.000     100.000     250.000
     83.000     300.000       0.000
     24.000     100.000     250.000
     24.000     300.000       0.000
    141.000     100.000     250.000
    141.000     300.000       0.000
    164.000     100.000     250.000
    164.000     300.000       0.000
     17.000     100.000     250.000
     17.000     300.000       0.000
    129.000     100.000     250.000
    129.000     300.000       0.000
    177.000     100.000     250.000
    177.000     300.000       0.000
