    171.000     100.000     250.000
    171.000     300.000       0.000
     87.000     100.000     250.000
     87.000     300.000       0.000
     58.000     100.000     250.000
     58.000     300.000       0.000
    129.000     100.000     250.000
    129.000     300.000       0.000
    143.000     100.000     250.000
    143.000     300.000       0.000
     96.000     100.000     250.000
     96.000     300.000       0.000
     35.000     100.000     250.000
     35.000     300.000       0.000
    128.000     100.000     250.000
    128.000     300.000       0.000
    189.000     100.000     250.000
    189.000     300.000       0.000
    144.000     100.000     250.000
    144.000     300.000       0.000
