    144.000     100.000     250.000
    144.000     300.000       0.000
     15.000     100.000     250.000
     15.000     300.000       0.000
     41.000     100.000     250.000
     41.000     300.000       0.000
     41.000     100.000     250.000
     41.000     300.000       0.000
    137.000     100.000     250.000
    137.000     300.000       0.000
    124.000     100.000     250.000
    124.000     300.000       0.000
    155.000     100.000     250.000
    155.000     300.000       0.000
    153.000     100.000     250.000
    153.000     300.000       0.000
