    173.000     100.000     250.000
    173.000     300.000       0.000
     91.000     100.000     250.000
     91.000     300.000       0.000
     52.000     100.000     250.000
     52.000     300.000       0.000
    106.000     100.000     250.000
    106.000     300.000       0.000
    120.000     100.000     250.000
    120.000     300.000       0.000
     32.000     100.000     250.000
     32.000     300.000       0.000
     45.000     100.000     250.000
     45.000     300.000       0.000
     66.000     100.000     250.000
     66.000     300.000       0.000
    150.000     100.000     250.000
    150.000     300.000       0.000
