    152.000     100.000     250.000
    152.000     300.000       0.000
    190.000     100.000     250.000
    190.000     300.000       0.000
    173.000     100.000     250.000
    173.000     300.000       0.000
     11.000     100.000     250.000
     11.000     300.000       0.000
    110.000     100.000     250.000
    110.000     300.000       0.000
    189.000     100.000     250.000
    189.000     300.000       0.000
     10.000     100.000     250.000
     10.000     300.000       0.000
    173.000     100.000     250.000
    173.000     300.000       0.000
    180.000     100.000     250.000
    180.000     300.000       0.000
