    158.000     100.000     250.000
    158.000     300.000       0.000
    111.000     100.000     250.000
    111.000     300.000       0.000
    134.000     100.000     250.000
    134.000     300.000       0.000
    132.000     100.000     250.000
    132.000     300.000       0.000
    130.000     100.000     250.000
    130.000     300.000       0.000
     97.000     100.000     250.000
     97.000     300.000       0.000
     63.000     100.000     250.000
     63.000     300.000       0.000
     70.000     100.000     250.000
     70.000     300.000       0.000
    108.000     100.000     250.000
    108.000     300.000       0.000
    161.000     100.000     250.000
    161.000     300.000       0.000
