    107.000     100.000     250.000
    107.000     300.000       0.000
      5.000     100.000     250.000
      5.000     300.000       0.000
     84.000     100.000     250.000
     84.000     300.000       0.000
    173.000     100.000     250.000
    173.000     300.000       0.000
    106.000     100.000     250.000
    106.000     300.000       0.000
    166.000     100.000     250.000
    166.000     300.000       0.000
    159.000     100.000     250.000
    159.000     300.000       0.000
     55.000     100.000     250.000
     55.000     300.000       0.000
     61.000     100.000     250.000
     61.000     300.000       0.000
