     27.000     100.000     250.000
     27.000     300.000       0.000
    167.000     100.000     250.000
    167.000     300.000       0.000
     43.000     100.000     250.000
     43.000     300.000       0.000
     24.000     100.000     250.000
     24.000     300.000       0.000
     72.000     100.000     250.000
     72.000     300.000       0.000
      6.000     100.000     250.000
      6.000     300.000       0.000
     99.000     100.000     250.000
     99.000     300.000       0.000
     21.000     100.000     250.000
     21.000     300.000       0.000
    189.000     100.000     250.000
    189.000     300.000       0.000
     30.000     100.000     250.000
     30.000     300.000       0.000
