    139.000     100.000     250.000
    139.000     300.000       0.000
    166.000     100.000     250.000
    166.000     300.000       0.000
      3.000     100.000     250.000
      3.000     300.000       0.000
    134.000     100.000     250.000
    134.000     300.000       0.000
     89.000     100.000     250.000
     89.000     300.000       0.000
     96.000     100.000     250.000
     96.000     300.000       0.000
     78.000     100.000     250.000
     78.000     300.000       0.000
