     54.000     100.000     250.000
     54.000     300.000       0.000
    110.000     100.000     250.000
    110.000     300.000       0.000
     49.000     100.000     250.000
     49.000     300.000       0.000
    134.000     100.000     250.000
    134.000     300.000       0.000
     44.000     100.000     250.000
     44.000     300.000       0.000
    150.000     100.000     250.000
    150.000     300.000       0.000
    146.000     100.000     250.000
    146.000     300.000       0.000
     57.000     100.000     250.000
     57.000     300.000       0.000
      3.000     100.000     250.000
      3.000     300.000       0.000
    136.000     100.000     250.000
    136.000     300.000       0.000
