      7.000     100.000     250.000
      7.000     300.000       0.000
     75.000     100.000     250.000
     75.000     300.000       0.000
    115.000     100.000     250.000
    115.000     300.000       0.000
    141.000     100.000     250.000
    141.000     300.000       0.000
    167.000     100.000     250.000
    167.000     300.000       0.000
     32.000     100.000     250.000
     32.000     300.000       0.000
     49.000     100.000     250.000
     49.000     300.000       0.000
     95.000     100.000     250.000
     95.000     300.000       0.000
     50.000     100.000     250.000
     50.000     300.000       0.000
    103.000     100.000     250.000
    103.000     300.000       0.000
