    152.000     100.000     250.000
    152.000     300.000       0.000
     51.000     100.000     250.000
     51.000     300.000       0.000
      4.000     100.000     250.000
      4.000     300.000       0.000
     16.000     100.000     250.000
     16.000     300.000       0.000
      4.000     100.000     250.000
      4.000     300.000       0.000
     26.000     100.000     250.000
     26.000     300.000       0.000
     80.000     100.000     250.000
     80.000     300.000       0.000
    156.000     100.000     250.000
    156.000     300.000       0.000
     25.000     100.000     250.000
     25.000     300.000       0.000
    169.000     100.000     250.000
    169.000     300.000       0.000
