    181.000     100.000     250.000
    181.000     300.000       0.000
    133.000     100.000     250.000
    133.000     300.000       0.000
    100.000     100.000     250.000
    100.000     300.000       0.000
    143.000     100.000     250.000
    143.000     300.000       0.000
    177.000     100.000     250.000
    177.000     300.000       0.000
     35.000     100.000     250.000
     35.000     300.000       0.000
    181.000     100.000     250.000
    181.000     300.000       0.000
