    181.000     100.000     250.000
    181.000     300.000       0.000
    110.000     100.000     250.000
    110.000     300.000       0.000
     54.000     100.000     250.000
     54.000     300.000       0.000
    187.000     100.000     250.000
    187.000     300.000       0.000
    174.000     100.000     250.000
    174.000     300.000       0.000
     11.000     100.000     250.000
     11.000     300.000       0.000
    160.000     100.000     250.000
    160.000     300.000       0.000
