     85.000     100.000     250.000
     85.000     300.000       0.000
     89.000     100.000     250.000
     89.000     300.000       0.000
     49.000     100.000     250.000
     49.000     300.000       0.000
     96.000     100.000     250.000
     96.000     300.000       0.000
    109.000     100.000     250.000
    109.000     300.000       0.000
    175.000     100.000     250.000
    175.000     300.000       0.000
     68.000     100.000     250.000
     68.000     300.000       0.000
     61.000     100.000     250.000
     61.000     300.000       0.000
