    119.000     100.000     250.000
    119.000     300.000       0.000
     89.000     100.000     250.000
     89.000     300.000       0.000
     93.000     100.000     250.000
     93.000     300.000       0.000
    178.000     100.000     250.000
    178.000     300.000       0.000
    158.000     100.000     250.000
    158.000     300.000       0.000
    146.000     100.000     250.000
    146.000     300.000       0.000
     27.000     100.000     250.000
     27.000     300.000       0.000
     49.000     100.000     250.000
     49.000     300.000       0.000
