    176.000     100.000     250.000
    176.000     300.000       0.000
     15.000     100.000     250.000
     15.000     300.000       0.000
     52.000     100.000     250.000
     52.000     300.000       0.000
    171.000     100.000     250.000
    171.000     300.000       0.000
    191.000     100.000     250.000
    191.000     300.000       0.000
     51.000     100.000     250.000
     51.000     300.000       0.000
    137.000     100.000     250.000
    137.000     300.000       0.000
      5.000     100.000     250.000
      5.000     300.000       0.000
     54.000     100.000     250.000
     54.000     300.000       0.000
    161.000     100.000     250.000
    161.000     300.000       0.000
