      9.000     100.000     250.000
      9.000     300.000       0.000
    168.000     100.000     250.000
    168.000     300.000       0.000
    182.000     100.000     250.000
    182.000     300.000       0.000
    146.000     100.000     250.000
    146.000     300.000       0.000
     40.000     100.000     250.000
     40.000     300.000       0.000
    173.000     100.000     250.000
    173.000     300.000       0.000
    104.000     100.000     250.000
    104.000     300.000       0.000
     80.000     100.000     250.000
     80.000     300.000       0.000
    120.000     100.000     250.000
    120.000     300.000       0.000
