    153.000     100.000     250.000
    153.000     300.000       0.000
     63.000     100.000     250.000
     63.000     300.000       0.000
     69.000     100.000     250.000
     69.000     300.000       0.000
     97.000     100.000     250.000
     97.000     300.000       0.000
    158.000     100.000     250.000
    158.000     300.000       0.000
    111.000     100.000     250.000
    111.000     300.000       0.000
     99.000     100.000     250.000
     99.000     300.000       0.000
    104.000     100.000     250.000
    104.000     300.000       0.000
    178.000     100.000     250.000
    178.000     300.000       0.000
     90.000     100.000     250.000
     90.000     300.000       0.000
