     91.000     100.000     250.000
     91.000     300.000       0.000
     10.000     100.000     250.000
     10.000     300.000       0.000
    174.000     100.000     250.000
    174.000     300.000       0.000
     89.000     100.000     250.000
     89.000     300.000       0.000
    114.000     100.000     250.000
    114.000     300.000       0.000
    132.000     100.000     250.000
    132.000     300.000       0.000
    136.000     100.000     250.000
    136.000     300.000       0.000
