     60.000     100.000     250.000
     60.000     300.000       0.000
    191.000     100.000     250.000
    191.000     300.000       0.000
    146.000     100.000     250.000
    146.000     300.000       0.000
     50.000     100.000     250.000
     50.000     300.000       0.000
     50.000     100.000     250.000
     50.000     300.000       0.000
     90.000     100.000     250.000
     90.000     300.000       0.000
     89.000     100.000     250.000
     89.000     300.000       0.000
     28.000     100.000     250.000
     28.000     300.000       0.000
    173.000     100.000     250.000
    173.000     300.000       0.000
     74.000     100.000     250.000
     74.000     300.000       0.000
