    122.000     100.000     250.000
    122.000     300.000       0.000
     29.000     100.000     250.000
     29.000     300.000       0.000
    107.000     100.000     250.000
    107.000     300.000       0.000
     76.000     100.000     250.000
     76.000     300.000       0.000
    178.000     100.000     250.000
    178.000     300.000       0.000
    117.000     100.000     250.000
    117.000     300.000       0.000
     64.000     100.000     250.000
     64.000     300.000       0.000
