     28.000     100.000     250.000
     28.000     300.000       0.000
    135.000     100.000     250.000
    135.000     300.000       0.000
    136.000     100.000     250.000
    136.000     300.000       0.000
     17.000     100.000     250.000
     17.000     300.000       0.000
     80.000     100.000     250.000
     80.000     300.000       0.000
     61.000     100.000     250.000
     61.000     300.000       0.000
    185.000     100.000     250.000
    185.000     300.000       0.000
