     63.000     100.000     250.000
     63.000     300.000       0.000
    145.000     100.000     250.000
    145.000     300.000       0.000
     33.000     100.000     250.000
     33.000     300.000       0.000
     49.000     100.000     250.000
     49.000     300.000       0.000
     10.000     100.000     250.000
     10.000     300.000       0.000
     14.000     100.000     250.000
     14.000     300.000       0.000
    190.000     100.000     250.000
    190.000     300.000       0.000
     12.000     100.000     250.000
     12.000     300.000       0.000
     37.000     100.000     250.000
     37.000     300.000       0.000
