     76.000     100.000     250.000
     76.000     300.000       0.000
    140.000     100.000     250.000
    140.000     300.000       0.000
     20.000     100.000     250.000
     20.000     300.000       0.000
     41.000     100.000     250.000
     41.000     300.000       0.000
     16.000     100.000     250.000
     16.000     300.000       0.000
     47.000     100.000     250.000
     47.000     300.000       0.000
     25.000     100.000     250.000
     25.000     300.000       0.000
    158.000     100.000     250.000
    158.000     300.000       0.000
     41.000     100.000     250.000
     41.000     300.000       0.000
     10.000     100.000     250.000
     10.000     300.000       0.000
