    144.000     100.000     250.000
    144.000     300.000       0.000
     94.000     100.000     250.000
     94.000     300.000       0.000
    116.000     100.000     250.000
    116.000     300.000       0.000
    181.000     100.000     250.000
    181.000     300.000       0.000
     38.000     100.000     250.000
     38.000     300.000       0.000
    157.000     100.000     250.000
    157.000     300.000       0.000
      0.000     100.000     250.000
      0.000     300.000       0.000
    151.000     100.000     250.000
    151.000     300.000       0.000
