     99.000     100.000     250.000
     99.000     300.000       0.000
    128.000     100.000     250.000
    128.000     300.000       0.000
     78.000     100.000     250.000
     78.000     300.000       0.000
     51.000     100.000     250.000
     51.000     300.000       0.000
    121.000     100.000     250.000
    121.000     300.000       0.000
     62.000     100.000     250.000
     62.000     300.000       0.000
     24.000     100.000     250.000
     24.000     300.000       0.000
    133.000     100.000     250.000
    133.000     300.000       0.000
     45.000     100.000     250.000
     45.000     300.000       0.000
