    190.000     100.000     250.000
    190.000     300.000       0.000
     98.000     100.000     250.000
     98.000     300.000       0.000
     62.000     100.000     250.000
     62.000     300.000       0.000
    135.000     100.000     250.000
    135.000     300.000       0.000
    151.000     100.000     250.000
    151.000     300.000       0.000
     37.000     100.000     250.000
     37.000     300.000       0.000
    132.000     100.000     250.000
    132.000     300.000       0.000
    113.000     100.000     250.000
    113.000     300.000       0.000
