    173.000     100.000     250.000
    173.000     300.000       0.000
     52.000     100.000     250.000
     52.000     300.000       0.000
      4.000     100.000     250.000
      4.000     300.000       0.000
    173.000     100.000     250.000
    173.000     300.000       0.000
     67.000     100.000     250.000
     67.000     300.000       0.000
    152.000     100.000     250.000
    152.000     300.000       0.000
    145.000     100.000     250.000
    145.000     300.000       0.000
