     72.000     100.000     250.000
     72.000     300.000       0.000
    137.000     100.000     250.000
    137.000     300.000       0.000
     89.000     100.000     250.000
     89.000     300.000       0.000
     25.000     100.000     250.000
     25.000     300.000       0.000
     51.000     100.000     250.000
     51.000     300.000       0.000
     49.000     100.000     250.000
     49.000     300.000       0.000
    110.000     100.000     250.000
    110.000     300.000       0.000
    121.000     100.000     250.000
    121.000     300.000       0.000
     87.000     100.000     250.000
     87.000     300.000       0.000
