    130.000     100.000     250.000
    130.000     300.000       0.000
    100.000     100.000     250.000
    100.000     300.000       0.000
    110.000     100.000     250.000
    110.000     300.000       0.000
    160.000     100.000     250.000
    160.000     300.000       0.000
    145.000     100.000     250.000
    145.000     300.000       0.000
     64.000     100.000     250.000
     64.000     300.000       0.000
     43.000     100.000     250.000
     43.000     300.000       0.000
