     21.000     100.000     250.000
     21.000     300.000       0.000
     67.000     100.000     250.000
     67.000     300.000       0.000
    169.000     100.000     250.000
    169.000     300.000       0.000
    141.000     100.000     250.000
    141.000     300.000       0.000
    146.000     100.000     250.000
    146.000     300.000       0.000
    111.000     100.000     250.000
    111.000     300.000       0.000
      3.000     100.000     250.000
      3.000     300.000       0.000
    186.000     100.000     250.000
    186.000     300.000       0.000
