      4.000     100.000     250.000
      4.000     300.000       0.000
    106.000     100.000     250.000
    106.000     300.000       0.000
      4.000     100.000     250.000
      4.000     300.000       0.000
    120.000     100.000     250.000
    120.000     300.000       0.000
    111.000     100.000     250.000
    111.000     300.000       0.000
    190.000     100.000     250.000
    190.000     300.000       0.000
     63.000     100.000     250.000
     63.000     300.000       0.000
     12.000     100.000     250.000
     12.000     300.000       0.000
