    110.000     100.000     250.000
    110.000     300.000       0.000
    179.000     100.000     250.000
    179.000     300.000       0.000
    140.000     100.000     250.000
    140.000     300.000       0.000
    100.000     100.000     250.000
    100.000     300.000       0.000
    143.000     100.000     250.000
    143.000     300.000       0.000
     34.000     100.000     250.000
     34.000     300.000       0.000
     91.000     100.000     250.000
     91.000     300.000       0.000
     66.000     100.000     250.000
     66.000     300.000       0.000
      2.000     100.000     250.000
      2.000     300.000       0.000
    122.000     100.000     250.000
    122.000     300.000       0.000
