    107.000     100.000     250.000
    107.000     300.000       0.000
     92.000     100.000     250.000
     92.000     300.000       0.000
     90.000     100.000     250.000
     90.000     300.000       0.000
     18.000     100.000     250.000
     18.000     300.000       0.000
     41.000     100.000     250.000
     41.000     300.000       0.000
      8.000     100.000     250.000
      8.000     300.000       0.000
    109.000     100.000     250.000
    109.000     300.000       0.000
     77.000     100.000     250.000
     77.000     300.000       0.000
     71.000     100.000     250.000
     71.000     300.000       0.000
     32.000     100.000     250.000
     32.000     300.000       0.000
