    101.000     100.000     250.000
    101.000     300.000       0.000
     24.000     100.000     250.000
     24.000     300.000       0.000
    139.000     100.000     250.000
    139.000     300.000       0.000
    173.000     100.000     250.000
    173.000     300.000       0.000
    131.000     100.000     250.000
    131.000     300.000       0.000
    182.000     100.000     250.000
    182.000     300.000       0.000
    179.000     100.000     250.000
    179.000     300.000       0.000
    114.000     100.000     250.000
    114.000     300.000       0.000
    154.000     100.000     250.000
    154.000     300.000       0.000
