     26.000     100.000     250.000
     26.000     300.000       0.000
    187.000     100.000     250.000
    187.000     300.000       0.000
    120.000     100.000     250.000
    120.000     300.000       0.000
     63.000     100.000     250.000
     63.000     300.000       0.000
    133.000     100.000     250.000
    133.000     300.000       0.000
     14.000     100.000     250.000
     14.000     300.000       0.000
     25.000     100.000     250.000
     25.000     300.000       0.000
     85.000     100.000     250.000
     85.000     300.000       0.000
