    154.000     100.000     250.000
    154.000     300.000       0.000
     66.000     100.000     250.000
     66.000     300.000       0.000
     86.000     100.000     250.000
     86.000     300.000       0.000
    183.000     100.000     250.000
    183.000     300.000       0.000
    104.000     100.000     250.000
    104.000     300.000       0.000
    153.000     100.000     250.000
    153.000     300.000       0.000
     30.000     100.000     250.000
     30.000     300.000       0.000
     16.000     100.000     250.000
     16.000     300.000       0.000
