    183.000     100.000     250.000
    183.000     300.000       0.000
    148.000     100.000     250.000
    148.000     300.000       0.000
    127.000     100.000     250.000
    127.000     300.000       0.000
    144.000     100.000     250.000
    144.000     300.000       0.000
    160.000     100.000     250.000
    160.000     300.000       0.000
     68.000     100.000     250.000
     68.000     300.000       0.000
    128.000     100.000     250.000
    128.000     300.000       0.000
     51.000     100.000     250.000
     51.000     300.000       0.000
    184.000     100.000     250.000
    184.000     300.000       0.000
    124.000     100.000     250.000
    124.000     300.000       0.000
