    136.000     100.000     250.000
    136.000     300.000       0.000
    166.000     100.000     250.000
    166.000     300.000       0.000
    182.000     100.000     250.000
    182.000     300.000       0.000
     90.000     100.000     250.000
     90.000     300.000       0.000
    112.000     100.000     250.000
    112.000     300.000       0.000
    103.000     100.000     250.000
    103.000     300.000       0.000
     63.000     100.000     250.000
     63.000     300.000       0.000
    119.000     100.000     250.000
    119.000     300.000       0.000
     78.000     100.000     250.000
     78.000     300.000       0.000
