    170.000     100.000     250.000
    170.000     300.000       0.000
      7.000     100.000     250.000
      7.000     300.000       0.000
    143.000     100.000     250.000
    143.000     300.000       0.000
    157.000     100.000     250.000
    157.000     300.000       0.000
    153.000     100.000     250.000
    153.000     300.000       0.000
     46.000     100.000     250.000
     46.000     300.000       0.000
    166.000     100.000     250.000
    166.000     300.000       0.000
