     34.000     100.000     250.000
     34.000     300.000       0.000
     69.000     100.000     250.000
     69.000     300.000       0.000
    141.000     100.000     250.000
    141.000     300.000       0.000
      6.000     100.000     250.000
      6.000     300.000       0.000
     81.000     100.000     250.000
     81.000     300.000       0.000
     33.000     100.000     250.000
     33.000     300.000       0.000
    131.000     100.000     250.000
    131.000     300.000       0.000
     27.000     100.000     250.000
     27.000     300.000       0.000
    184.000     100.000     250.000
    184.000     300.000       0.000
     20.000     100.000     250.000
     20.000     300.000       0.000
