     59.000     100.000     250.000
     59.000     300.000       0.000
     14.000     100.000     250.000
     14.000     300.000       0.000
     27.000     100.000     250.000
     27.000     300.000       0.000
    125.000     100.000     250.000
    125.000     300.000       0.000
    181.000     100.000     250.000
    181.000     300.000       0.000
    186.000     100.000     250.000
    186.000     300.000       0.000
    133.000     100.000     250.000
    133.000     300.000       0.000
     55.000     100.000     250.000
     55.000     300.000       0.000
