    129.000     100.000     250.000
    129.000     300.000       0.000
    144.000     100.000     250.000
    144.000     300.000       0.000
    164.000     100.000     250.000
    164.000     300.000       0.000
     24.000     100.000     250.000
     24.000     300.000       0.000
     75.000     100.000     250.000
     75.000     300.000       0.000
     71.000     100.000     250.000
     71.000     300.000       0.000
    144.000     100.000     250.000
    144.000     300.000       0.000
