    135.000     100.000     250.000
    135.000     300.000       0.000
     50.000     100.000     250.000
     50.000     300.000       0.000
     35.000     100.000     250.000
     35.000     300.000       0.000
    113.000     100.000     250.000
    113.000     300.000       0.000
     39.000     100.000     250.000
     39.000     300.000       0.000
    189.000     100.000     250.000
    189.000     300.000       0.000
    187.000     100.000     250.000
    187.000     300.000       0.000
    116.000     100.000     250.000
    116.000     300.000       0.000
