     64.000     100.000     250.000
     64.000     300.000       0.000
    170.000     100.000     250.000
    170.000     300.000       0.000
     24.000     100.000     250.000
     24.000     300.000       0.000
     81.000     100.000     250.000
     81.000     300.000       0.000
    155.000     100.000     250.000
    155.000     300.000       0.000
    159.000     100.000     250.000
    159.000     300.000       0.000
    153.000     100.000     250.000
    153.000     300.000       0.000
     89.000     100.000     250.000
     89.000     300.000       0.000
    153.000     100.000     250.000
    153.000     300.000       0.000
     41.000     100.000     250.000
     41.000     300.000       0.000
