    189.000     100.000     250.000
    189.000     300.000       0.000
    142.000     100.000     250.000
    142.000     300.000       0.000
     43.000     100.000     250.000
     43.000     300.000       0.000
    177.000     100.000     250.000
    177.000     300.000       0.000
     16.000     100.000     250.000
     16.000     300.000       0.000
     21.000     100.000     250.000
     21.000     300.000       0.000
      7.000     100.000     250.000
      7.000     300.000       0.000
     61.000     100.000     250.000
     61.000     300.000       0.000
