    137.000     100.000     250.000
    137.000     300.000       0.000
    155.000     100.000     250.000
    155.000     300.000       0.000
    151.000     100.000     250.000
    151.000     300.000       0.000
    131.000     100.000     250.000
    131.000     300.000       0.000
     74.000     100.000     250.000
     74.000     300.000       0.000
     53.000     100.000     250.000
     53.000     300.000       0.000
    131.000     100.000     250.000
    131.000     300.000       0.000
    149.000     100.000     250.000
    149.000     300.000       0.000
    156.000     100.000     250.000
    156.000     300.000       0.000
