    148.000     100.000     250.000
    148.000     300.000       0.000
    113.000     100.000     250.000
    113.000     300.000       0.000
    118.000     100.000     250.000
    118.000     300.000       0.000
      5.000     100.000     250.000
      5.000     300.000       0.000
    154.000     100.000     250.000
    154.000     300.000       0.000
     29.000     100.000     250.000
     29.000     300.000       0.000
    116.000     100.000     250.000
    116.000     300.000       0.000
    118.000     100.000     250.000
    118.000     300.000       0.000
     81.000     100.000     250.000
     81.000     300.000       0.000
    113.000     100.000     250.000
    113.000     300.000       0.000
