    106.000     100.000     250.000
    106.000     300.000       0.000
     25.000     100.000     250.000
     25.000     300.000       0.000
     24.000     100.000     250.000
     24.000     300.000       0.000
    120.000     100.000     250.000
    120.000     300.000       0.000
    145.000     100.000     250.000
    145.000     300.000       0.000
     85.000     100.000     250.000
     85.000     300.000       0.000
    182.000     100.000     250.000
    182.000     300.000       0.000
    103.000     100.000     250.000
    103.000     300.000       0.000
