    133.000     100.000     250.000
    133.000     300.000       0.000
    189.000     100.000     250.000
    189.000     300.000       0.000
    180.000     100.000     250.000
    180.000     300.000       0.000
     34.000     100.000     250.000
     34.000     300.000       0.000
     73.000     100.000     250.000
     73.000     300.000       0.000
    103.000     100.000     250.000
    103.000     300.000       0.000
    162.000     100.000     250.000
    162.000     300.000       0.000
    148.000     100.000     250.000
    148.000     300.000       0.000
    186.000     100.000     250.000
    186.000     300.000       0.000
