    136.000     100.000     250.000
    136.000     300.000       0.000
    159.000     100.000     250.000
    159.000     300.000       0.000
      4.000     100.000     250.000
      4.000     300.000       0.000
     38.000     100.000     250.000
     38.000     300.000       0.000
     17.000     100.000     250.000
     17.000     300.000       0.000
    166.000     100.000     250.000
    166.000     300.000       0.000
    131.000     100.000     250.000
    131.000     300.000       0.000
