    133.000     100.000     250.000
    133.000     300.000       0.000
     91.000     100.000     250.000
     91.000     300.000       0.000
    100.000     100.000     250.000
    100.000     300.000       0.000
     95.000     100.000     250.000
     95.000     300.000       0.000
     46.000     100.000     250.000
     46.000     300.000       0.000
     55.000     100.000     250.000
     55.000     300.000       0.000
    138.000     100.000     250.000
    138.000     300.000       0.000
    155.000     100.000     250.000
    155.000     300.000       0.000
