     64.000     100.000     250.000
     64.000     300.000       0.000
    145.000     100.000     250.000
    145.000     300.000       0.000
     47.000     100.000     250.000
     47.000     300.000       0.000
     22.000     100.000     250.000
     22.000     300.000       0.000
    147.000     100.000     250.000
    147.000     300.000       0.000
     88.000     100.000     250.000
     88.000     300.000       0.000
    158.000     100.000     250.000
    158.000     300.000       0.000
