    152.000     100.000     250.000
    152.000     300.000       0.000
    122.000     100.000     250.000
    122.000     300.000       0.000
    110.000     100.000     250.000
    110.000     300.000       0.000
    109.000     100.000     250.000
    109.000     300.000       0.000
    182.000     100.000     250.000
    182.000     300.000       0.000
      2.000     100.000     250.000
      2.000     300.000       0.000
    146.000     100.000     250.000
    146.000     300.000       0.000
    104.000     100.000     250.000
    104.000     300.000       0.000
    160.000     100.000     250.000
    160.000     300.000       0.000
