    107.000     100.000     250.000
    107.000     300.000       0.000
    120.000     100.000     250.000
    120.000     300.000       0.000
     51.000     100.000     250.000
     51.000     300.000       0.000
     92.000     100.000     250.000
     92.000     300.000       0.000
     90.000     100.000     250.000
     90.000     300.000       0.000
     12.000     100.000     250.000
     12.000     300.000       0.000
    105.000     100.000     250.000
    105.000     300.000       0.000
     27.000     100.000     250.000
     27.000     300.000       0.000
     58.000     100.000     250.000
     58.000     300.000       0.000
