    122.000     100.000     250.000
    122.000     300.000       0.000
     87.000     100.000     250.000
     87.000     300.000       0.000
    149.000     100.000     250.000
    149.000     300.000       0.000
    140.000     100.000     250.000
    140.000     300.000       0.000
    124.000     100.000     250.000
    124.000     300.000       0.000
    180.000     100.000     250.000
    180.000     300.000       0.000
    189.000     100.000     250.000
    189.000     300.000       0.000
