     33.000     100.000     250.000
     33.000     300.000       0.000
    177.000     100.000     250.000
    177.000     300.000       0.000
    139.000     100.000     250.000
    139.000     300.000       0.000
    118.000     100.000     250.000
    118.000     300.000       0.000
    137.000     100.000     250.000
    137.000     300.000       0.000
    110.000     100.000     250.000
    110.000     300.000       0.000
     50.000     100.000     250.000
     50.000     300.000       0.000
