     24.000     100.000     250.000
     24.000     300.000       0.000
    173.000     100.000     250.000
    173.000     300.000       0.000
    143.000     100.000     250.000
    143.000     300.000       0.000
    111.000     100.000     250.000
    111.000     300.000       0.000
     20.000     100.000     250.000
     20.000     300.000       0.000
     73.000     100.000     250.000
     73.000     300.000       0.000
     94.000     100.000     250.000
     94.000     300.000       0.000
    157.000     100.000     250.000
    157.000     300.000       0.000
