     72.000     100.000     250.000
     72.000     300.000       0.000
    114.000     100.000     250.000
    114.000     300.000       0.000
    184.000     100.000     250.000
    184.000     300.000       0.000
     90.000     100.000     250.000
     90.000     300.000       0.000
     48.000     100.000     250.000
     48.000     300.000       0.000
     78.000     100.000     250.000
     78.000     300.000       0.000
    152.000     100.000     250.000
    152.000     300.000       0.000
     11.000     100.000     250.000
     11.000     300.000       0.000
    161.000     100.000     250.000
    161.000     300.000       0.000
     84.000     100.000     250.000
     84.000     300.000       0.000
