     17.000     100.000     250.000
     17.000     300.000       0.000
    130.000     100.000     250.000
    130.000     300.000       0.000
     60.000     100.000     250.000
     60.000     300.000       0.000
     73.000     100.000     250.000
     73.000     300.000       0.000
     37.000     100.000     250.000
     37.000     300.000       0.000
     30.000     100.000     250.000
     30.000     300.000       0.000
     26.000     100.000     250.000
     26.000     300.000       0.000
