     71.000     100.000     250.000
     71.000     300.000       0.000
    177.000     100.000     250.000
    177.000     300.000       0.000
     84.000     100.000     250.000
     84.000     300.000       0.000
     47.000     100.000     250.000
     47.000     300.000       0.000
     74.000     100.000     250.000
     74.000     300.000       0.000
     77.000     100.000     250.000
     77.000     300.000       0.000
    162.000     100.000     250.000
    162.000     300.000       0.000
    176.000     100.000     250.000
    176.000     300.000       0.000
