     25.000     100.000     250.000
     25.000     300.000       0.000
    137.000     100.000     250.000
    137.000     300.000       0.000
     58.000     100.000     250.000
     58.000     300.000       0.000
    169.000     100.000     250.000
    169.000     300.000       0.000
    107.000     100.000     250.000
    107.000     300.000       0.000
     79.000     100.000     250.000
     79.000     300.000       0.000
    146.000     100.000     250.000
    146.000     300.000       0.000
     95.000     100.000     250.000
     95.000     300.000       0.000
     99.000     100.000     250.000
     99.000     300.000       0.000
