     15.000     100.000     250.000
     15.000     300.000       0.000
      2.000     100.000     250.000
      2.000     300.000       0.000
     26.000     100.000     250.000
     26.000     300.000       0.000
     42.000     100.000     250.000
     42.000     300.000       0.000
    117.000     100.000     250.000
    117.000     300.000       0.000
    144.000     100.000     250.000
    144.000     300.000       0.000
    131.000     100.000     250.000
    131.000     300.000       0.000
     23.000     100.000     250.000
     23.000     300.000       0.000
    151.000     100.000     250.000
    151.000     300.000       0.000
    124.000     100.000     250.000
    124.000     300.000       0.000
