     98.000     100.000     250.000
     98.000     300.000       0.000
      0.000     100.000     250.000
      0.000     300.000       0.000
     20.000     100.000     250.000
     20.000     300.000       0.000
     42.000     100.000     250.000
     42.000     300.000       0.000
    165.000     100.000     250.000
    165.000     300.000       0.000
    154.000     100.000     250.000
    154.000     300.000       0.000
    164.000     100.000     250.000
    164.000     300.000       0.000
