      7.000     100.000     250.000
      7.000     300.000       0.000
     47.000     100.000     250.000
     47.000     300.000       0.000
     79.000     100.000     250.000
     79.000     300.000       0.000
     62.000     100.000     250.000
     62.000     300.000       0.000
    188.000     100.000     250.000
    188.000     300.000       0.000
    102.000     100.000     250.000
    102.000     300.000       0.000
     20.000     100.000     250.000
     20.000     300.000       0.000
    170.000     100.000     250.000
    170.000     300.000       0.000
     76.000     100.000     250.000
     76.000     300.000       0.000
