    181.000     100.000     250.000
    181.000     300.000       0.000
     36.000     100.000     250.000
     36.000     300.000       0.000
     87.000     100.000     250.000
     87.000     300.000       0.000
    138.000     100.000     250.000
    138.000     300.000       0.000
    156.000     100.000     250.000
    156.000     300.000       0.000
     57.000     100.000     250.000
     57.000     300.000       0.000
      8.000     100.000     250.000
      8.000     300.000       0.000
     86.000     100.000     250.000
     86.000     300.000       0.000
     87.000     100.000     250.000
     87.000     300.000       0.000
