     14.000     100.000     250.000
     14.000     300.000       0.000
    117.000     100.000     250.000
    117.000     300.000       0.000
    137.000     100.000     250.000
    137.000     300.000       0.000
     29.000     100.000     250.000
     29.000     300.000       0.000
     53.000     100.000     250.000
     53.000     300.000       0.000
    151.000     100.000     250.000
    151.000     300.000       0.000
    139.000     100.000     250.000
    139.000     300.000       0.000
    153.000     100.000     250.000
    153.000     300.000       0.000
     14.000     100.000     250.000
     14.000     300.000       0.000
