    170.000     100.000     250.000
    170.000     300.000       0.000
     37.000     100.000     250.000
     37.000     300.000       0.000
     20.000     100.000     250.000
     20.000     300.000       0.000
    172.000     100.000     250.000
    172.000     300.000       0.000
     45.000     100.000     250.000
     45.000     300.000       0.000
     65.000     100.000     250.000
     65.000     300.000       0.000
    133.000     100.000     250.000
    133.000     300.000       0.000
     44.000     100.000     250.000
     44.000     300.000       0.000
    125.000     100.000     250.000
    125.000     300.000       0.000
