     83.000     100.000     250.000
     83.000     300.000       0.000
    139.000     100.000     250.000
    139.000     300.000       0.000
    130.000     100.000     250.000
    130.000     300.000       0.000
    181.000     100.000     250.000
    181.000     300.000       0.000
    173.000     100.000     250.000
    173.000     300.000       0.000
     29.000     100.000     250.000
     29.000     300.000       0.000
     10.000     100.000     250.000
     10.000     300.000       0.000
     79.000     100.000     250.000
     79.000     300.000       0.000
     66.000     100.000     250.000
     66.000     300.000       0.000
