    106.000     100.000     250.000
    106.000     300.000       0.000
      8.000     100.000     250.000
      8.000     300.000       0.000
    143.000     100.000     250.000
    143.000     300.000       0.000
    154.000     100.000     250.000
    154.000     300.000       0.000
     78.000     100.000     250.000
     78.000     300.000       0.000
     40.000     100.000     250.000
     40.000     300.000       0.000
     31.000     100.000     250.000
     31.000     300.000       0.000
     67.000     100.000     250.000
     67.000     300.000       0.000
    152.000     100.000     250.000
    152.000     300.000       0.000
    107.000     100.000     250.000
    107.000     300.000       0.000
