     40.000     100.000     250.000
     40.000     300.000       0.000
    145.000     100.000     250.000
    145.000     300.000       0.000
    175.000     100.000     250.000
    175.000     300.000       0.000
    105.000     100.000     250.000
    105.000     300.000       0.000
     57.000     100.000     250.000
     57.000     300.000       0.000
    174.000     100.000     250.000
    174.000     300.000       0.000
     44.000     100.000     250.000
     44.000     300.000       0.000
     71.000     100.000     250.000
     71.000     300.000       0.000
     41.000     100.000     250.000
     41.000     300.000       0.000
     97.000     100.000     250.000
     97.000     300.000       0.000
