     94.000     100.000     250.000
     94.000     300.000       0.000
     37.000     100.000     250.000
     37.000     300.000       0.000
     44.000     100.000     250.000
     44.000     300.000       0.000
    191.000     100.000     250.000
    191.000     300.000       0.000
    175.000     100.000     250.000
    175.000     300.000       0.000
    145.000     100.000     250.000
    145.000     300.000       0.000
    160.000     100.000     250.000
    160.000     300.000       0.000
