    149.000     100.000     250.000
    149.000     300.000       0.000
    172.000     100.000     250.000
    172.000     300.000       0.000
     97.000     100.000     250.000
     97.000     300.000       0.000
     33.000     100.000     250.000
     33.000     300.000       0.000
     34.000     100.000     250.000
     34.000     300.000       0.000
    142.000     100.000     250.000
    142.000     300.000       0.000
    108.000     100.000     250.000
    108.000     300.000       0.000
