     21.000     100.000     250.000
     21.000     300.000       0.000
     96.000     100.000     250.000
     96.000     300.000       0.000
    180.000     100.000     250.000
    180.000     300.000       0.000
    154.000     100.000     250.000
    154.000     300.000       0.000
     54.000     100.000     250.000
     54.000     300.000       0.000
      2.000     100.000     250.000
      2.000     300.000       0.000
     34.000     100.000     250.000
     34.000     300.000       0.000
     71.000     100.000     250.000
     71.000     300.000       0.000
    183.000     100.000     250.000
    183.000     300.000       0.000
