     71.000     100.000     250.000
     71.000     300.000       0.000
      2.000     100.000     250.000
      2.000     300.000       0.000
    130.000     100.000     250.000
    130.000     300.000       0.000
     24.000     100.000     250.000
     24.000     300.000       0.000
     47.000     100.000     250.000
     47.000     300.000       0.000
     75.000     100.000     250.000
     75.000     300.000       0.000
     20.000     100.000     250.000
     20.000     300.000       0.000
