     82.000     100.000     250.000
     82.000     300.000       0.000
    163.000     100.000     250.000
    163.000     300.000       0.000
     13.000     100.000     250.000
     13.000     300.000       0.000
     32.000     100.000     250.000
     32.000     300.000       0.000
     75.000     100.000     250.000
     75.000     300.000       0.000
     90.000     100.000     250.000
     90.000     300.000       0.000
    146.000     100.000     250.000
    146.000     300.000       0.000
    114.000     100.000     250.000
    114.000     300.000       0.000
