    159.000     100.000     250.000
    159.000     300.000       0.000
     45.000     100.000     250.000
     45.000     300.000       0.000
    102.000     100.000     250.000
    102.000     300.000       0.000
     91.000     100.000     250.000
     91.000     300.000       0.000
     95.000     100.000     250.000
     95.000     300.000       0.000
     57.000     100.000     250.000
     57.000     300.000       0.000
    182.000     100.000     250.000
    182.000     300.000       0.000
