    162.000     100.000     250.000
    162.000     300.000       0.000
    117.000     100.000     250.000
    117.000     300.000       0.000
     51.000     100.000     250.000
     51.000     300.000       0.000
    138.000     100.000     250.000
    138.000     300.000       0.000
    183.000     100.000     250.000
    183.000     300.000       0.000
    188.000     100.000     250.000
    188.000     300.000       0.000
    173.000     100.000     250.000
    173.000     300.000       0.000
    147.000     100.000     250.000
    147.000     300.000       0.000
     55.000     100.000     250.000
     55.000     300.000       0.000
