    188.000     100.000     250.000
    188.000     300.000       0.000
      0.000     100.000     250.000
      0.000     300.000       0.000
     48.000     100.000     250.000
     48.000     300.000       0.000
     84.000     100.000     250.000
     84.000     300.000       0.000
    157.000     100.000     250.000
    157.000     300.000       0.000
     54.000     100.000     250.000
     54.000     300.000       0.000
    176.000     100.000     250.000
    176.000     300.000       0.000
     48.000     100.000     250.000
     48.000     300.000       0.000
