     81.000     100.000     250.000
     81.000     300.000       0.000
    137.000     100.000     250.000
    137.000     300.000       0.000
    176.000     100.000     250.000
    176.000     300.000       0.000
     94.000     100.000     250.000
     94.000     300.000       0.000
     53.000     100.000     250.000
     53.000     300.000       0.000
     89.000     100.000     250.000
     89.000     300.000       0.000
     59.000     100.000     250.000
     59.000     300.000       0.000
    167.000     100.000     250.000
    167.000     300.000       0.000
