    121.000     100.000     250.000
    121.000     300.000       0.000
    171.000     100.000     250.000
    171.000     300.000       0.000
    171.000     100.000     250.000
    171.000     300.000       0.000
    129.000     100.000     250.000
    129.000     300.000       0.000
      2.000     100.000     250.000
      2.000     300.000       0.000
     93.000     100.000     250.000
     93.000     300.000       0.000
    190.000     100.000     250.000
    190.000     300.000       0.000
    146.000     100.000     250.000
    146.000     300.000       0.000
    173.000     100.000     250.000
    173.000     300.000       0.000
    104.000     100.000     250.000
    104.000     300.000       0.000
