     48.000     100.000     250.000
     48.000     300.000       0.000
     44.000     100.000     250.000
     44.000     300.000       0.000
     31.000     100.000     250.000
     31.000     300.000       0.000
     89.000     100.000     250.000
     89.000     300.000       0.000
    106.000     100.000     250.000
    106.000     300.000       0.000
    154.000     100.000     250.000
    154.000     300.000       0.000
     61.000     100.000     250.000
     61.000     300.000       0.000
    183.000     100.000     250.000
    183.000     300.000       0.000
