    189.000     100.000     250.000
    189.000     300.000       0.000
     23.000     100.000     250.000
     23.000     300.000       0.000
     77.000     100.000     250.000
     77.000     300.000       0.000
    153.000     100.000     250.000
    153.000     300.000       0.000
     62.000     100.000     250.000
     62.000     300.000       0.000
     90.000     100.000     250.000
     90.000     300.000       0.000
      3.000     100.000     250.000
      3.000     300.000       0.000
