     16.000     100.000     250.000
     16.000     300.000       0.000
     94.000     100.000     250.000
     94.000     300.000       0.000
     38.000     100.000     250.000
     38.000     300.000       0.000
     87.000     100.000     250.000
     87.000     300.000       0.000
    164.000     100.000     250.000
    164.000     300.000       0.000
    124.000     100.000     250.000
    124.000     300.000       0.000
    135.000     100.000     250.000
    135.000     300.000       0.000
