     39.000     100.000     250.000
     39.000     300.000       0.000
    167.000     100.000     250.000
    167.000     300.000       0.000
     74.000     100.000     250.000
     74.000     300.000       0.000
    109.000     100.000     250.000
    109.000     300.000       0.000
    115.000     100.000     250.000
    115.000     300.000       0.000
      2.000     100.000     250.000
      2.000     300.000       0.000
    117.000     100.000     250.000
    117.000     300.000       0.000
    109.000     100.000     250.000
    109.000     300.000       0.000
     70.000     100.000     250.000
     70.000     300.000       0.000
    123.000     100.000     250.000
    123.000     300.000       0.000
