    161.000     100.000     250.000
    161.000     300.000       0.000
     11.000     100.000     250.000
     11.000     300.000       0.000
    150.000     100.000     250.000
    150.000     300.000       0.000
     99.000     100.000     250.000
     99.000     300.000       0.000
    104.000     100.000     250.000
    104.000     300.000       0.000
     85.000     100.000     250.000
     85.000     300.000       0.000
    128.000     100.000     250.000
    128.000     300.000       0.000
     81.000     100.000     250.000
     81.000     300.000       0.000
     31.000     100.000     250.000
     31.000     300.000       0.000
