    138.000     100.000     250.000
    138.000     300.000       0.000
    187.000     100.000     250.000
    187.000     300.000       0.000
    150.000     100.000     250.000
    150.000     300.000       0.000
    116.000     100.000     250.000
    116.000     300.000       0.000
    135.000     100.000     250.000
    135.000     300.000       0.000
     78.000     100.000     250.000
     78.000     300.000       0.000
    120.000     100.000     250.000
    120.000     300.000       0.000
