    182.000     100.000     250.000
    182.000     300.000       0.000
     75.000     100.000     250.000
     75.000     300.000       0.000
     74.000     100.000     250.000
     74.000     300.000       0.000
    119.000     100.000     250.000
    119.000     300.000       0.000
    140.000     100.000     250.000
    140.000     300.000       0.000
    105.000     100.000     250.000
    105.000     300.000       0.000
     39.000     100.000     250.000
     39.000     300.000       0.000
    187.000     100.000     250.000
    187.000     300.000       0.000
