    146.000     100.000     250.000
    146.000     300.000       0.000
    136.000     100.000     250.000
    136.000     300.000       0.000
    112.000     100.000     250.000
    112.000     300.000       0.000
     95.000     100.000     250.000
     95.000     300.000       0.000
     51.000     100.000     250.000
     51.000     300.000       0.000
    181.000     100.000     250.000
    181.000     300.000       0.000
    147.000     100.000     250.000
    147.000     300.000       0.000
    111.000     100.000     250.000
    111.000     300.000       0.000
    145.000     100.000     250.000
    145.000     300.000       0.000
