    188.000     100.000     250.000
    188.000     300.000       0.000
    171.000     100.000     250.000
    171.000     300.000       0.000
     65.000     100.000     250.000
     65.000     300.000       0.000
    173.000     100.000     250.000
    173.000     300.000       0.000
     67.000     100.000     250.000
     67.000     300.000       0.000
    168.000     100.000     250.000
    168.000     300.000       0.000
     85.000     100.000     250.000
     85.000     300.000       0.000
    179.000     100.000     250.000
    179.000     300.000       0.000
      5.000     100.000     250.000
      5.000     300.000       0.000
