     50.000     100.000     250.000
     50.000     300.000       0.000
     95.000     100.000     250.000
     95.000     300.000       0.000
     82.000     100.000     250.000
     82.000     300.000       0.000
     52.000     100.000     250.000
     52.000     300.000       0.000
     81.000     100.000     250.000
     81.000     300.000       0.000
    179.000     100.000     250.000
    179.000     300.000       0.000
     65.000     100.000     250.000
     65.000     300.000       0.000
     14.000     100.000     250.000
     14.000     300.000       0.000
