     65.000     100.000     250.000
     65.000     300.000       0.000
     30.000     100.000     250.000
     30.000     300.000       0.000
    140.000     100.000     250.000
    140.000     300.000       0.000
      2.000     100.000     250.000
      2.000     300.000       0.000
    178.000     100.000     250.000
    178.000     300.000       0.000
     48.000     100.000     250.000
     48.000     300.000       0.000
    121.000     100.000     250.000
    121.000     300.000       0.000
