     72.000     100.000     250.000
     72.000     300.000       0.000
     27.000     100.000     250.000
     27.000     300.000       0.000
    164.000     100.000     250.000
    164.000     300.000       0.000
     66.000     100.000     250.000
     66.000     300.000       0.000
    115.000     100.000     250.000
    115.000     300.000       0.000
    168.000     100.000     250.000
    168.000     300.000       0.000
     22.000     100.000     250.000
     22.000     300.000       0.000
     70.000     100.000     250.000
     70.000     300.000       0.000
     71.000     100.000     250.000
     71.000     300.000       0.000
