     15.000     100.000     250.000
     15.000     300.000       0.000
     51.000     100.000     250.000
     51.000     300.000       0.000
     73.000     100.000     250.000
     73.000     300.000       0.000
    181.000     100.000     250.000
    181.000     300.000       0.000
    124.000     100.000     250.000
    124.000     300.000       0.000
     15.000     100.000     250.000
     15.000     300.000       0.000
    131.000     100.000     250.000
    131.000     300.000       0.000
      3.000     100.000     250.000
      3.000     300.000       0.000
     88.000     100.000     250.000
     88.000     300.000       0.000
      4.000     100.000     250.000
      4.000     300.000       0.000
