    162.000     100.000     250.000
    162.000     300.000       0.000
    180.000     100.000     250.000
    180.000     300.000       0.000
    166.000     100.000     250.000
    166.000     300.000       0.000
    179.000     100.000     250.000
    179.000     300.000       0.000
    125.000     100.000     250.000
    125.000     300.000       0.000
     79.000     100.000     250.000
     79.000     300.000       0.000
    167.000     100.000     250.000
    167.000     300.000       0.000
