    131.000     100.000     250.000
    131.000     300.000       0.000
     77.000     100.000     250.000
     77.000     300.000       0.000
    133.000     100.000     250.000
    133.000     300.000       0.000
     76.000     100.000     250.000
     76.000     300.000       0.000
    123.000     100.000     250.000
    123.000     300.000       0.000
    184.000     100.000     250.000
    184.000     300.000       0.000
    120.000     100.000     250.000
    120.000     300.000       0.000
     25.000     100.000     250.000
     25.000     300.000       0.000
     92.000     100.000     250.000
     92.000     300.000       0.000
