     48.000     100.000     250.000
     48.000     300.000       0.000
    106.000     100.000     250.000
    106.000     300.000       0.000
    175.000     100.000     250.000
    175.000     300.000       0.000
    125.000     100.000     250.000
    125.000     300.000       0.000
     46.000     100.000     250.000
     46.000     300.000       0.000
    182.000     100.000     250.000
    182.000     300.000       0.000
     64.000     100.000     250.000
     64.000     300.000       0.000
     78.000     100.000     250.000
     78.000     300.000       0.000
     84.000     100.000     250.000
     84.000     300.000       0.000
    141.000     100.000     250.000
    141.000     300.000       0.000
