     97.000     100.000     250.000
     97.000     300.000       0.000
    154.000     100.000     250.000
    154.000     300.000       0.000
    149.000     100.000     250.000
    149.000     300.000       0.000
     29.000     100.000     250.000
     29.000     300.000       0.000
    108.000     100.000     250.000
    108.000     300.000       0.000
     96.000     100.000     250.000
     96.000     300.000       0.000
     51.000     100.000     250.000
     51.000     300.000       0.000
     25.000     100.000     250.000
     25.000     300.000       0.000
