     76.000     100.000     250.000
     76.000     300.000       0.000
    171.000     100.000     250.000
    171.000     300.000       0.000
     70.000     100.000     250.000
     70.000     300.000       0.000
    105.000     100.000     250.000
    105.000     300.000       0.000
    159.000     100.000     250.000
    159.000     300.000       0.000
     22.000     100.000     250.000
     22.000     300.000       0.000
    153.000     100.000     250.000
    153.000     300.000       0.000
     60.000     100.000     250.000
     60.000     300.000       0.000
     11.000     100.000     250.000
     11.000     300.000       0.000
