     11.000     100.000     250.000
     11.000     300.000       0.000
    164.000     100.000     250.000
    164.000     300.000       0.000
    187.000     100.000     250.000
    187.000     300.000       0.000
     51.000     100.000     250.000
     51.000     300.000       0.000
      3.000     100.000     250.000
      3.000     300.000       0.000
     12.000     100.000     250.000
     12.000     300.000       0.000
     65.000     100.000     250.000
     65.000     300.000       0.000
