     96.000     100.000     250.000
     96.000     300.000       0.000
     16.000     100.000     250.000
     16.000     300.000       0.000
      6.000     100.000     250.000
      6.000     300.000       0.000
    121.000     100.000     250.000
    121.000     300.000       0.000
    118.000     100.000     250.000
    118.000     300.000       0.000
     34.000     100.000     250.000
     34.000     300.000       0.000
    106.000     100.000     250.000
    106.000     300.000       0.000
     39.000     100.000     250.000
     39.000     300.000       0.000
     29.000     100.000     250.000
     29.000     300.000       0.000
