     79.000     100.000     250.000
     79.000     300.000       0.000
     16.000     100.000     250.000
     16.000     300.000       0.000
    117.000     100.000     250.000
    117.000     300.000       0.000
    136.000     100.000     250.000
    136.000     300.000       0.000
    169.000     100.000     250.000
    169.000     300.000       0.000
     33.000     100.000     250.000
     33.000     300.000       0.000
     84.000     100.000     250.000
     84.000     300.000       0.000
    139.000     100.000     250.000
    139.000     300.000       0.000
     84.000     100.000     250.000
     84.000     300.000       0.000
    114.000     100.000     250.000
    114.000     300.000       0.000
