     54.000     100.000     250.000
     54.000     300.000       0.000
    191.000     100.000     250.000
    191.000     300.000       0.000
    114.000     100.000     250.000
    114.000     300.000       0.000
     47.000     100.000     250.000
     47.000     300.000       0.000
     17.000     100.000     250.000
     17.000     300.000       0.000
    108.000     100.000     250.000
    108.000     300.000       0.000
    183.000     100.000     250.000
    183.000     300.000       0.000
     12.000     100.000     250.000
     12.000     300.000       0.000
    106.000     100.000     250.000
    106.000     300.000       0.000
