    132.000     100.000     250.000
    132.000     300.000       0.000
     63.000     100.000     250.000
     63.000     300.000       0.000
     62.000     100.000     250.000
     62.000     300.000       0.000
    167.000     100.000     250.000
    167.000     300.000       0.000
     80.000     100.000     250.000
     80.000     300.000       0.000
    114.000     100.000     250.000
    114.000     300.000       0.000
     66.000     100.000     250.000
     66.000     300.000       0.000
    141.000     100.000     250.000
    141.000     300.000       0.000
     26.000     100.000     250.000
     26.000     300.000       0.000
     86.000     100.000     250.000
     86.000     300.000       0.000
