    116.000     100.000     250.000
    116.000     300.000       0.000
    168.000     100.000     250.000
    168.000     300.000       0.000
    186.000     100.000     250.000
    186.000     300.000       0.000
    137.000     100.000     250.000
    137.000     300.000       0.000
     57.000     100.000     250.000
     57.000     300.000       0.000
     48.000     100.000     250.000
     48.000     300.000       0.000
    176.000     100.000     250.000
    176.000     300.000       0.000
     60.000     100.000     250.000
     60.000     300.000       0.000
     58.000     100.000     250.000
     58.000     300.000       0.000
