      4.000     100.000     250.000
      4.000     300.000       0.000
     79.000     100.000     250.000
     79.000     300.000       0.000
     84.000     100.000     250.000
     84.000     300.000       0.000
    188.000     100.000     250.000
    188.000     300.000       0.000
      6.000     100.000     250.000
      6.000     300.000       0.000
     45.000     100.000     250.000
     45.000     300.000       0.000
     24.000     100.000     250.000
     24.000     300.000       0.000
    159.000     100.000     250.000
    159.000     300.000       0.000
    114.000     100.000     250.000
    114.000     300.000       0.000
     65.000     100.000     250.000
     65.000     300.000       0.000
