    154.000     100.000     250.000
    154.000     300.000       0.000
     17.000     100.000     250.000
     17.000     300.000       0.000
    136.000     100.000     250.000
    136.000     300.000       0.000
     24.000     100.000     250.000
     24.000     300.000       0.000
     82.000     100.000     250.000
     82.000     300.000       0.000
     53.000     100.000     250.000
     53.000     300.000       0.000
    178.000     100.000     250.000
    178.000     300.000       0.000
