     39.000     100.000     250.000
     39.000     300.000       0.000
     77.000     100.000     250.000
     77.000     300.000       0.000
    138.000     100.000     250.000
    138.000     300.000       0.000
     40.000     100.000     250.000
     40.000     300.000       0.000
     20.000     100.000     250.000
     20.000     300.000       0.000
    175.000     100.000     250.000
    175.000     300.000       0.000
    148.000     100.000     250.000
    148.000     300.000       0.000
    145.000     100.000     250.000
    145.000     300.000       0.000
     23.000     100.000     250.000
     23.000     300.000       0.000
     37.000     100.000     250.000
     37.000     300.000       0.000
