    188.000     100.000     250.000
    188.000     300.000       0.000
     33.000     100.000     250.000
     33.000     300.000       0.000
     15.000     100.000     250.000
     15.000     300.000       0.000
     57.000     100.000     250.000
     57.000     300.000       0.000
     37.000     100.000     250.000
     37.000     300.000       0.000
     73.000     100.000     250.000
     73.000     300.000       0.000
     30.000     100.000     250.000
     30.000     300.000       0.000
     24.000     100.000     250.000
     24.000     300.000       0.000
    149.000     100.000     250.000
    149.000     300.000       0.000
    116.000     100.000     250.000
    116.000     300.000       0.000
