     56.000     100.000     250.000
     56.000     300.000       0.000
    136.000     100.000     250.000
    136.000     300.000       0.000
     57.000     100.000     250.000
     57.000     300.000       0.000
    138.000     100.000     250.000
    138.000     300.000       0.000
     27.000     100.000     250.000
     27.000     300.000       0.000
     37.000     100.000     250.000
     37.000     300.000       0.000
     32.000     100.000     250.000
     32.000     300.000       0.000
    182.000     100.000     250.000
    182.000     300.000       0.000
    147.000     100.000     250.000
    147.000     300.000       0.000
