     82.000     100.000     250.000
     82.000     300.000       0.000
    171.000     100.000     250.000
    171.000     300.000       0.000
     15.000     100.000     250.000
     15.000     300.000       0.000
    170.000     100.000     250.000
    170.000     300.000       0.000
     18.000     100.000     250.000
     18.000     300.000       0.000
    146.000     100.000     250.000
    146.000     300.000       0.000
    182.000     100.000     250.000
    182.000     300.000       0.000
    149.000     100.000     250.000
    149.000     300.000       0.000
    156.000     100.000     250.000
    156.000     300.000       0.000
