     33.000     100.000     250.000
     33.000     300.000       0.000
    103.000     100.000     250.000
    103.000     300.000       0.000
     60.000     100.000     250.000
     60.000     300.000       0.000
      7.000     100.000     250.000
      7.000     300.000       0.000
     86.000     100.000     250.000
     86.000     300.000       0.000
    164.000     100.000     250.000
    164.000     300.000       0.000
     20.000     100.000     250.000
     20.000     300.000       0.000
    105.000     100.000     250.000
    105.000     300.000       0.000
    105.000     100.000     250.000
    105.000     300.000       0.000
