      7.000     100.000     250.000
      7.000     300.000       0.000
    180.000     100.000     250.000
    180.000     300.000       0.000
    157.000     100.000     250.000
    157.000     300.000       0.000
    132.000     100.000     250.000
    132.000     300.000       0.000
    184.000     100.000     250.000
    184.000     300.000       0.000
     76.000     100.000     250.000
     76.000     300.000       0.000
     14.000     100.000     250.000
     14.000     300.000       0.000
