     55.000     100.000     250.000
     55.000     300.000       0.000
    120.000     100.000     250.000
    120.000     300.000       0.000
      4.000     100.000     250.000
      4.000     300.000       0.000
    155.000     100.000     250.000
    155.000     300.000       0.000
     66.000     100.000     250.000
     66.000     300.000       0.000
     25.000     100.000     250.000
     25.000     300.000       0.000
     91.000     100.000     250.000
     91.000     300.000       0.000
