    104.000     100.000     250.000
    104.000     300.000       0.000
     40.000     100.000     250.000
     40.000     300.000       0.000
     91.000     100.000     250.000
     91.000     300.000       0.000
     97.000     100.000     250.000
     97.000     300.000       0.000
     66.000     100.000     250.000
     66.000     300.000       0.000
      8.000     100.000     250.000
      8.000     300.000       0.000
     83.000     100.000     250.000
     83.000     300.000       0.000
    182.000     100.000     250.000
    182.000     300.000       0.000
      6.000     100.000     250.000
      6.000     300.000       0.000
     34.000     100.000     250.000
     34.000     300.000       0.000
