     16.000     100.000     250.000
     16.000     300.000       0.000
    116.000     100.000     250.000
    116.000     300.000       0.000
    156.000     100.000     250.000
    156.000     300.000       0.000
     88.000     100.000     250.000
     88.000     300.000       0.000
    104.000     100.000     250.000
    104.000     300.000       0.000
    122.000     100.000     250.000
    122.000     300.000       0.000
     36.000     100.000     250.000
     36.000     300.000       0.000
