     43.000     100.000     250.000
     43.000     300.000       0.000
    138.000     100.000     250.000
    138.000     300.000       0.000
     86.000     100.000     250.000
     86.000     300.000       0.000
     58.000     100.000     250.000
     58.000     300.000       0.000
      4.000     100.000     250.000
      4.000     300.000       0.000
     82.000     100.000     250.000
     82.000     300.000       0.000
    125.000     100.000     250.000
    125.000     300.000       0.000
