    145.000     100.000     250.000
    145.000     300.000       0.000
    171.000     100.000     250.000
    171.000     300.000       0.000
      1.000     100.000     250.000
      1.000     300.000       0.000
    106.000     100.000     250.000
    106.000     300.000       0.000
    130.000     100.000     250.000
    130.000     300.000       0.000
     45.000     100.000     250.000
     45.000     300.000       0.000
    174.000     100.000     250.000
    174.000     300.000       0.000
