    164.000     100.000     250.000
    164.000     300.000       0.000
    178.000     100.000     250.000
    178.000     300.000       0.000
     84.000     100.000     250.000
     84.000     300.000       0.000
    156.000     100.000     250.000
    156.000     300.000       0.000
    125.000     100.000     250.000
    125.000     300.000       0.000
     47.000     100.000     250.000
     47.000     300.000       0.000
    110.000     100.000     250.000
    110.000     300.000       0.000
