    108.000     100.000     250.000
    108.000     300.000       0.000
    141.000     100.000     250.000
    141.000     300.000       0.000
    107.000     100.000     250.000
    107.000     300.000       0.000
    125.000     100.000     250.000
    125.000     300.000       0.000
     67.000     100.000     250.000
     67.000     300.000       0.000
     84.000     100.000     250.000
     84.000     300.000       0.000
    131.000     100.000     250.000
    131.000     300.000       0.000
    158.000     100.000     250.000
    158.000     300.000       0.000
     98.000     100.000     250.000
     98.000     300.000       0.000
    172.000     100.000     250.000
    172.000     300.000       0.000
