    131.000     100.000     250.000
    131.000     300.000       0.000
     87.000     100.000     250.000
     87.000     300.000       0.000
     83.000     100.000     250.000
     83.000     300.000       0.000
     59.000     100.000     250.000
     59.000     300.000       0.000
    155.000     100.000     250.000
    155.000     300.000       0.000
    138.000     100.000     250.000
    138.000     300.000       0.000
     98.000     100.000     250.000
     98.000     300.000       0.000
     39.000     100.000     250.000
     39.000     300.000       0.000
     36.000     100.000     250.000
     36.000     300.000       0.000
