    174.000     100.000     250.000
    174.000     300.000       0.000
    142.000     100.000     250.000
    142.000     300.000       0.000
    150.000     100.000     250.000
    150.000     300.000       0.000
     60.000     100.000     250.000
     60.000     300.000       0.000
     26.000     100.000     250.000
     26.000     300.000       0.000
    142.000     100.000     250.000
    142.000     300.000       0.000
     59.000     100.000     250.000
     59.000     300.000       0.000
    122.000     100.000     250.000
    122.000     300.000       0.000
     22.000     100.000     250.000
     22.000     300.000       0.000
