    127.000     100.000     250.000
    127.000     300.000       0.000
     81.000     100.000     250.000
     81.000     300.000       0.000
    190.000     100.000     250.000
    190.000     300.000       0.000
     82.000     100.000     250.000
     82.000     300.000       0.000
     42.000     100.000     250.000
     42.000     300.000       0.000
     69.000     100.000     250.000
     69.000     300.000       0.000
      1.000     100.000     250.000
      1.000     300.000       0.000
     31.000     100.000     250.000
     31.000     300.000       0.000
     89.000     100.000     250.000
     89.000     300.000       0.000
