    128.000     100.000     250.000
    128.000     300.000       0.000
     46.000     100.000     250.000
     46.000     300.000       0.000
     52.000     100.000     250.000
     52.000     300.000       0.000
    188.000     100.000     250.000
    188.000     300.000       0.000
     88.000     100.000     250.000
     88.000     300.000       0.000
     17.000     100.000     250.000
     17.000     300.000       0.000
    104.000     100.000     250.000
    104.000     300.000       0.000
    104.000     100.000     250.000
    104.000     300.000       0.000
    101.000     100.000     250.000
    101.000     300.000       0.000
