      0.000     100.000     250.000
      0.000     300.000       0.000
     95.000     100.000     250.000
     95.000     300.000       0.000
    166.000     100.000     250.000
    166.000     300.000       0.000
    169.000     100.000     250.000
    169.000     300.000       0.000
     80.000     100.000     250.000
     80.000     300.000       0.000
     92.000     100.000     250.000
     92.000     300.000       0.000
     55.000     100.000     250.000
     55.000     300.000       0.000
