     63.000     100.000     250.000
     63.000     300.000       0.000
     35.000     100.000     250.000
     35.000     300.000       0.000
      2.000     100.000     250.000
      2.000     300.000       0.000
    137.000     100.000     250.000
    137.000     300.000       0.000
    166.000     100.000     250.000
    166.000     300.000       0.000
    145.000     100.000     250.000
    145.000     300.000       0.000
     50.000     100.000     250.000
     50.000     300.000       0.000
    124.000     100.000     250.000
    124.000     300.000       0.000
      4.000     100.000     250.000
      4.000     300.000       0.000
