    120.000     100.000     250.000
    120.000     300.000       0.000
      2.000     100.000     250.000
      2.000     300.000       0.000
     78.000     100.000     250.000
     78.000     300.000       0.000
    110.000     100.000     250.000
    110.000     300.000       0.000
     59.000     100.000     250.000
     59.000     300.000       0.000
    164.000     100.000     250.000
    164.000     300.000       0.000
     93.000     100.000     250.000
     93.000     300.000       0.000
    147.000     100.000     250.000
    147.000     300.000       0.000
