     73.000     100.000     250.000
     73.000     300.000       0.000
     70.000     100.000     250.000
     70.000     300.000       0.000
    120.000     100.000     250.000
    120.000     300.000       0.000
    171.000     100.000     250.000
    171.000     300.000       0.000
      1.000     100.000     250.000
      1.000     300.000       0.000
    149.000     100.000     250.000
    149.000     300.000       0.000
     93.000     100.000     250.000
     93.000     300.000       0.000
    191.000     100.000     250.000
    191.000     300.000       0.000
    113.000     100.000     250.000
    113.000     300.000       0.000
     75.000     100.000     250.000
     75.000     300.000       0.000
