     73.000     100.000     250.000
     73.000     300.000       0.000
    114.000     100.000     250.000
    114.000     300.000       0.000
    124.000     100.000     250.000
    124.000     300.000       0.000
    134.000     100.000     250.000
    134.000     300.000       0.000
     37.000     100.000     250.000
     37.000     300.000       0.000
     43.000     100.000     250.000
     43.000     300.000       0.000
     80.000     100.000     250.000
     80.000     300.000       0.000
     77.000     100.000     250.000
     77.000     300.000       0.000
    108.000     100.000     250.000
    108.000     300.000       0.000
