      3.000     100.000     250.000
      3.000     300.000       0.000
     28.000     100.000     250.000
     28.000     300.000       0.000
    126.000     100.000     250.000
    126.000     300.000       0.000
    104.000     100.000     250.000
    104.000     300.000       0.000
     58.000     100.000     250.000
     58.000     300.000       0.000
    100.000     100.000     250.000
    100.000     300.000       0.000
    162.000     100.000     250.000
    162.000     300.000       0.000
     35.000     100.000     250.000
     35.000     300.000       0.000
     48.000     100.000     250.000
     48.000     300.000       0.000
