    159.000     100.000     250.000
    159.000     300.000       0.000
    110.000     100.000     250.000
    110.000     300.000       0.000
     10.000     100.000     250.000
     10.000     300.000       0.000
    155.000     100.000     250.000
    155.000     300.000       0.000
    121.000     100.000     250.000
    121.000     300.000       0.000
    157.000     100.000     250.000
    157.000     300.000       0.000
    182.000     100.000     250.000
    182.000     300.000       0.000
