     77.000     100.000     250.000
     77.000     300.000       0.000
      3.000     100.000     250.000
      3.000     300.000       0.000
    101.000     100.000     250.000
    101.000     300.000       0.000
    147.000     100.000     250.000
    147.000     300.000       0.000
     65.000     100.000     250.000
     65.000     300.000       0.000
    131.000     100.000     250.000
    131.000     300.000       0.000
    181.000     100.000     250.000
    181.000     300.000       0.000
    110.000     100.000     250.000
    110.000     300.000       0.000
    153.000     100.000     250.000
    153.000     300.000       0.000
