    132.000     100.000     250.000
    132.000     300.000       0.000
     32.000     100.000     250.000
     32.000     300.000       0.000
     61.000     100.000     250.000
     61.000     300.000       0.000
     36.000     100.000     250.000
     36.000     300.000       0.000
     65.000     100.000     250.000
     65.000     300.000       0.000
     60.000     100.000     250.000
     60.000     300.000       0.000
     55.000     100.000     250.000
     55.000     300.000       0.000
     43.000     100.000     250.000
     43.000     300.000       0.000
     84.000     100.000     250.000
     84.000     300.000       0.000
