    101.000     100.000     250.000
    101.000     300.000       0.000
     79.000     100.000     250.000
     79.000     300.000       0.000
     49.000     100.000     250.000
     49.000     300.000       0.000
    132.000     100.000     250.000
    132.000     300.000       0.000
     42.000     100.000     250.000
     42.000     300.000       0.000
     95.000     100.000     250.000
     95.000     300.000       0.000
    178.000     100.000     250.000
    178.000     300.000       0.000
    165.000     100.000     250.000
    165.000     300.000       0.000
    100.000     100.000     250.000
    100.000     300.000       0.000
     83.000     100.000     250.000
     83.000     300.000       0.000
