      5.000     100.000     250.000
      5.000     300.000       0.000
    177.000     100.000     250.000
    177.000     300.000       0.000
     71.000     100.000     250.000
     71.000     300.000       0.000
    116.000     100.000     250.000
    116.000     300.000       0.000
    176.000     100.000     250.000
    176.000     300.000       0.000
     66.000     100.000     250.000
     66.000     300.000       0.000
     19.000     100.000     250.000
     19.000     300.000       0.000
     70.000     100.000     250.000
     70.000     300.000       0.000
