     42.000     100.000     250.000
     42.000     300.000       0.000
    139.000     100.000     250.000
    139.000     300.000       0.000
      4.000     100.000     250.000
      4.000     300.000       0.000
    156.000     100.000     250.000
    156.000     300.000       0.000
     59.000     100.000     250.000
     59.000     300.000       0.000
     58.000     100.000     250.000
     58.000     300.000       0.000
    148.000     100.000     250.000
    148.000     300.000       0.000
    109.000     100.000     250.000
    109.000     300.000       0.000
     99.000     100.000     250.000
     99.000     300.000       0.000
