     31.000     100.000     250.000
     31.000     300.000       0.000
    112.000     100.000     250.000
    112.000     300.000       0.000
    122.000     100.000     250.000
    122.000     300.000       0.000
     53.000     100.000     250.000
     53.000     300.000       0.000
     15.000     100.000     250.000
     15.000     300.000       0.000
    190.000     100.000     250.000
    190.000     300.000       0.000
     30.000     100.000     250.000
     30.000     300.000       0.000
    153.000     100.000     250.000
    153.000     300.000       0.000
     46.000     100.000     250.000
     46.000     300.000       0.000
