    147.000     100.000     250.000
    147.000     300.000       0.000
    145.000     100.000     250.000
    145.000     300.000       0.000
     61.000     100.000     250.000
     61.000     300.000       0.000
     81.000     100.000     250.000
     81.000     300.000       0.000
    112.000     100.000     250.000
    112.000     300.000       0.000
    159.000     100.000     250.000
    159.000     300.000       0.000
     44.000     100.000     250.000
     44.000     300.000       0.000
    184.000     100.000     250.000
    184.000     300.000       0.000
    180.000     100.000     250.000
    180.000     300.000       0.000
