     94.000     100.000     250.000
     94.000     300.000       0.000
    176.000     100.000     250.000
    176.000     300.000       0.000
    159.000     100.000     250.000
    159.000     300.000       0.000
    144.000     100.000     250.000
    144.000     300.000       0.000
    150.000     100.000     250.000
    150.000     300.000       0.000
    186.000     100.000     250.000
    186.000     300.000       0.000
    131.000     100.000     250.000
    131.000     300.000       0.000
