    188.000     100.000     250.000
    188.000     300.000       0.000
     48.000     100.000     250.000
     48.000     300.000       0.000
    127.000     100.000     250.000
    127.000     300.000       0.000
     86.000     100.000     250.000
     86.000     300.000       0.000
     62.000     100.000     250.000
     62.000     300.000       0.000
    117.000     100.000     250.000
    117.000     300.000       0.000
    157.000     100.000     250.000
    157.000     300.000       0.000
     88.000     100.000     250.000
     88.000     300.000       0.000
