     16.000     100.000     250.000
     16.000     300.000       0.000
     65.000     100.000     250.000
     65.000     300.000       0.000
    151.000     100.000     250.000
    151.000     300.000       0.000
     50.000     100.000     250.000
     50.000     300.000       0.000
     50.000     100.000     250.000
     50.000     300.000       0.000
    184.000     100.000     250.000
    184.000     300.000       0.000
    177.000     100.000     250.000
    177.000     300.000       0.000
     78.000     100.000     250.000
     78.000     300.000       0.000
    168.000     100.000     250.000
    168.000     300.000       0.000
