     53.000     100.000     250.000
     53.000     300.000       0.000
      6.000     100.000     250.000
      6.000     300.000       0.000
    188.000     100.000     250.000
    188.000     300.000       0.000
     46.000     100.000     250.000
     46.000     300.000       0.000
    165.000     100.000     250.000
    165.000     300.000       0.000
     92.000     100.000     250.000
     92.000     300.000       0.000
    127.000     100.000     250.000
    127.000     300.000       0.000
    144.000     100.000     250.000
    144.000     300.000       0.000
    160.000     100.000     250.000
    160.000     300.000       0.000
    104.000     100.000     250.000
    104.000     300.000       0.000
