    155.000     100.000     250.000
    155.000     300.000       0.000
    132.000     100.000     250.000
    132.000     300.000       0.000
    158.000     100.000     250.000
    158.000     300.000       0.000
    145.000     100.000     250.000
    145.000     300.000       0.000
     49.000     100.000     250.000
     49.000     300.000       0.000
    190.000     100.000     250.000
    190.000     300.000       0.000
     52.000     100.000     250.000
     52.000     300.000       0.000
    112.000     100.000     250.000
    112.000     300.000       0.000
