     47.000     100.000     250.000
     47.000     300.000       0.000
     72.000     100.000     250.000
     72.000     300.000       0.000
     68.000     100.000     250.000
     68.000     300.000       0.000
    160.000     100.000     250.000
    160.000     300.000       0.000
     28.000     100.000     250.000
     28.000     300.000       0.000
    109.000     100.000     250.000
    109.000     300.000       0.000
     77.000     100.000     250.000
     77.000     300.000       0.000
