     23.000     100.000     250.000
     23.000     300.000       0.000
     84.000     100.000     250.000
     84.000     300.000       0.000
    136.000     100.000     250.000
    136.000     300.000       0.000
    146.000     100.000     250.000
    146.000     300.000       0.000
    144.000     100.000     250.000
    144.000     300.000       0.000
     12.000     100.000     250.000
     12.000     300.000       0.000
     15.000     100.000     250.000
     15.000     300.000       0.000
     45.000     100.000     250.000
     45.000     300.000       0.000
    142.000     100.000     250.000
    142.000     300.000       0.000
