     69.000     100.000     250.000
     69.000     300.000       0.000
    167.000     100.000     250.000
    167.000     300.000       0.000
     46.000     100.000     250.000
     46.000     300.000       0.000
     82.000     100.000     250.000
     82.000     300.000       0.000
    188.000     100.000     250.000
    188.000     300.000       0.000
    150.000     100.000     250.000
    150.000     300.000       0.000
    109.000     100.000     250.000
    109.000     300.000       0.000
