    102.000     100.000     250.000
    102.000     300.000       0.000
    103.000     100.000     250.000
    103.000     300.000       0.000
    168.000     100.000     250.000
    168.000     300.000       0.000
     18.000     100.000     250.000
     18.000     300.000       0.000
     88.000     100.000     250.000
     88.000     300.000       0.000
    180.000     100.000     250.000
    180.000     300.000       0.000
     24.000     100.000     250.000
     24.000     300.000       0.000
     38.000     100.000     250.000
     38.000     300.000       0.000
