     47.000     100.000     250.000
     47.000     300.000       0.000
     25.000     100.000     250.000
     25.000     300.000       0.000
    160.000     100.000     250.000
    160.000     300.000       0.000
    102.000     100.000     250.000
    102.000     300.000       0.000
    138.000     100.000     250.000
    138.000     300.000       0.000
    105.000     100.000     250.000
    105.000     300.000       0.000
     74.000     100.000     250.000
     74.000     300.000       0.000
     35.000     100.000     250.000
     35.000     300.000       0.000
     54.000     100.000     250.000
     54.000     300.000       0.000
    120.000     100.000     250.000
    120.000     300.000       0.000
