     35.000     100.000     250.000
     35.000     300.000       0.000
    132.000     100.000     250.000
    132.000     300.000       0.000
    123.000     100.000     250.000
    123.000     300.000       0.000
     33.000     100.000     250.000
     33.000     300.000       0.000
     51.000     100.000     250.000
     51.000     300.000       0.000
     74.000     100.000     250.000
     74.000     300.000       0.000
    171.000     100.000     250.000
    171.000     300.000       0.000
