     60.000     100.000     250.000
     60.000     300.000       0.000
     22.000     100.000     250.000
     22.000     300.000       0.000
    187.000     100.000     250.000
    187.000     300.000       0.000
     61.000     100.000     250.000
     61.000     300.000       0.000
    175.000     100.000     250.000
    175.000     300.000       0.000
     70.000     100.000     250.000
     70.000     300.000       0.000
     48.000     100.000     250.000
     48.000     300.000       0.000
    118.000     100.000     250.000
    118.000     300.000       0.000
    100.000     100.000     250.000
    100.000     300.000       0.000
     23.000     100.000     250.000
     23.000     300.000       0.000
