     42.000     100.000     250.000
     42.000     300.000       0.000
     47.000     100.000     250.000
     47.000     300.000       0.000
    159.000     100.000     250.000
    159.000     300.000       0.000
     92.000     100.000     250.000
     92.000     300.000       0.000
     24.000     100.000     250.000
     24.000     300.000       0.000
    107.000     100.000     250.000
    107.000     300.000       0.000
     78.000     100.000     250.000
     78.000     300.000       0.000
    188.000     100.000     250.000
    188.000     300.000       0.000
