    153.000     100.000     250.000
    153.000     300.000       0.000
    180.000     100.000     250.000
    180.000     300.000       0.000
    118.000     100.000     250.000
    118.000     300.000       0.000
    187.000     100.000     250.000
    187.000     300.000       0.000
     96.000     100.000     250.000
     96.000     300.000       0.000
     79.000     100.000     250.000
     79.000     300.000       0.000
     10.000     100.000     250.000
     10.000     300.000       0.000
      9.000     100.000     250.000
      9.000     300.000       0.000
