    161.000     100.000     250.000
    161.000     300.000       0.000
     50.000     100.000     250.000
     50.000     300.000       0.000
     34.000     100.000     250.000
     34.000     300.000       0.000
     75.000     100.000     250.000
     75.000     300.000       0.000
     36.000     100.000     250.000
     36.000     300.000       0.000
     82.000     100.000     250.000
     82.000     300.000       0.000
     27.000     100.000     250.000
     27.000     300.000       0.000
