    161.000     100.000     250.000
    161.000     300.000       0.000
     27.000     100.000     250.000
     27.000     300.000       0.000
    106.000     100.000     250.000
    106.000     300.000       0.000
    185.000     100.000     250.000
    185.000     300.000       0.000
    119.000     100.000     250.000
    119.000     300.000       0.000
     69.000     100.000     250.000
     69.000     300.000       0.000
     52.000     100.000     250.000
     52.000     300.000       0.000
    116.000     100.000     250.000
    116.000     300.000       0.000
     84.000     100.000     250.000
     84.000     300.000       0.000
     88.000     100.000     250.000
     88.000     300.000       0.000
