    156.000     100.000     250.000
    156.000     300.000       0.000
     75.000     100.000     250.000
     75.000     300.000       0.000
     11.000     100.000     250.000
     11.000     300.000       0.000
     27.000     100.000     250.000
     27.000     300.000       0.000
    179.000     100.000     250.000
    179.000     300.000       0.000
    139.000     100.000     250.000
    139.000     300.000       0.000
    144.000     100.000     250.000
    144.000     300.000       0.000
    149.000     100.000     250.000
    149.000     300.000       0.000
     70.000     100.000     250.000
     70.000     300.000       0.000
