    159.000     100.000     250.000
    159.000     300.000       0.000
     23.000     100.000     250.000
     23.000     300.000       0.000
    173.000     100.000     250.000
    173.000     300.000       0.000
      8.000     100.000     250.000
      8.000     300.000       0.000
     96.000     100.000     250.000
     96.000     300.000       0.000
    170.000     100.000     250.000
    170.000     300.000       0.000
     17.000     100.000     250.000
     17.000     300.000       0.000
