    167.000     100.000     250.000
    167.000     300.000       0.000
    106.000     100.000     250.000
    106.000     300.000       0.000
     23.000     100.000     250.000
     23.000     300.000       0.000
     75.000     100.000     250.000
     75.000     300.000       0.000
     32.000     100.000     250.000
     32.000     300.000       0.000
     11.000     100.000     250.000
     11.000     300.000       0.000
    168.000     100.000     250.000
    168.000     300.000       0.000
