    156.000     100.000     250.000
    156.000     300.000       0.000
    132.000     100.000     250.000
    132.000     300.000       0.000
    174.000     100.000     250.000
    174.000     300.000       0.000
    132.000     100.000     250.000
    132.000     300.000       0.000
    102.000     100.000     250.000
    102.000     300.000       0.000
     71.000     100.000     250.000
     71.000     300.000       0.000
    163.000     100.000     250.000
    163.000     300.000       0.000
     22.000     100.000     250.000
     22.000     300.000       0.000
    150.000     100.000     250.000
    150.000     300.000       0.000
