     32.000     100.000     250.000
     32.000     300.000       0.000
    167.000     100.000     250.000
    167.000     300.000       0.000
     12.000     100.000     250.000
     12.000     300.000       0.000
    120.000     100.000     250.000
    120.000     300.000       0.000
    112.000     100.000     250.000
    112.000     300.000       0.000
     61.000     100.000     250.000
     61.000     300.000       0.000
     40.000     100.000     250.000
     40.000     300.000       0.000
    122.000     100.000     250.000
    122.000     300.000       0.000
    143.000     100.000     250.000
    143.000     300.000       0.000
