    124.000     100.000     250.000
    124.000     300.000       0.000
     10.000     100.000     250.000
     10.000     300.000       0.000
    186.000     100.000     250.000
    186.000     300.000       0.000
    141.000     100.000     250.000
    141.000     300.000       0.000
     41.000     100.000     250.000
     41.000     300.000       0.000
     93.000     100.000     250.000
     93.000     300.000       0.000
     20.000     100.000     250.000
     20.000     300.000       0.000
