    145.000     100.000     250.000
    145.000     300.000       0.000
     38.000     100.000     250.000
     38.000     300.000       0.000
     55.000     100.000     250.000
     55.000     300.000       0.000
     25.000     100.000     250.000
     25.000     300.000       0.000
    145.000     100.000     250.000
    145.000     300.000       0.000
     27.000     100.000     250.000
     27.000     300.000       0.000
    163.000     100.000     250.000
    163.000     300.000       0.000
