    123.000     100.000     250.000
    123.000     300.000       0.000
    150.000     100.000     250.000
    150.000     300.000       0.000
    112.000     100.000     250.000
    112.000     300.000       0.000
    167.000     100.000     250.000
    167.000     300.000       0.000
    167.000     100.000     250.000
    167.000     300.000       0.000
    148.000     100.000     250.000
    148.000     300.000       0.000
    184.000     100.000     250.000
    184.000     300.000       0.000
     44.000     100.000     250.000
     44.000     300.000       0.000
     38.000     100.000     250.000
     38.000     300.000       0.000
     97.000     100.000     250.000
     97.000     300.000       0.000
