    147.000     100.000     250.000
    147.000     300.000       0.000
      5.000     100.000     250.000
      5.000     300.000       0.000
    138.000     100.000     250.000
    138.000     300.000       0.000
     40.000     100.000     250.000
     40.000     300.000       0.000
    184.000     100.000     250.000
    184.000     300.000       0.000
     74.000     100.000     250.000
     74.000     300.000       0.000
    115.000     100.000     250.000
    115.000     300.000       0.000
    179.000     100.000     250.000
    179.000     300.000       0.000
    175.000     100.000     250.000
    175.000     300.000       0.000
