    141.000     100.000     250.000
    141.000     300.000       0.000
    110.000     100.000     250.000
    110.000     300.000       0.000
     27.000     100.000     250.000
     27.000     300.000       0.000
     59.000     100.000     250.000
     59.000     300.000       0.000
     21.000     100.000     250.000
     21.000     300.000       0.000
     18.000     100.000     250.000
     18.000     300.000       0.000
     45.000     100.000     250.000
     45.000     300.000       0.000
     30.000     100.000     250.000
     30.000     300.000       0.000
