    125.000     100.000     250.000
    125.000     300.000       0.000
     95.000     100.000     250.000
     95.000     300.000       0.000
    137.000     100.000     250.000
    137.000     300.000       0.000
    151.000     100.000     250.000
    151.000     300.000       0.000
      9.000     100.000     250.000
      9.000     300.000       0.000
    108.000     100.000     250.000
    108.000     300.000       0.000
    146.000     100.000     250.000
    146.000     300.000       0.000
     61.000     100.000     250.000
     61.000     300.000       0.000
