    146.000     100.000     250.000
    146.000     300.000       0.000
    123.000     100.000     250.000
    123.000     300.000       0.000
    128.000     100.000     250.000
    128.000     300.000       0.000
    179.000     100.000     250.000
    179.000     300.000       0.000
     30.000     100.000     250.000
     30.000     300.000       0.000
    121.000     100.000     250.000
    121.000     300.000       0.000
    150.000     100.000     250.000
    150.000     300.000       0.000
     55.000     100.000     250.000
     55.000     300.000       0.000
     45.000     100.000     250.000
     45.000     300.000       0.000
