     74.000     100.000     250.000
     74.000     300.000       0.000
     48.000     100.000     250.000
     48.000     300.000       0.000
     66.000     100.000     250.000
     66.000     300.000       0.000
     78.000     100.000     250.000
     78.000     300.000       0.000
     60.000     100.000     250.000
     60.000     300.000       0.000
     79.000     100.000     250.000
     79.000     300.000       0.000
    113.000     100.000     250.000
    113.000     300.000       0.000
    161.000     100.000     250.000
    161.000     300.000       0.000
    134.000     100.000     250.000
    134.000     300.000       0.000
     54.000     100.000     250.000
     54.000     300.000       0.000
