    151.000     100.000     250.000
    151.000     300.000       0.000
    168.000     100.000     250.000
    168.000     300.000       0.000
    183.000     100.000     250.000
    183.000     300.000       0.000
     30.000     100.000     250.000
     30.000     300.000       0.000
     66.000     100.000     250.000
     66.000     300.000       0.000
    166.000     100.000     250.000
    166.000     300.000       0.000
     83.000     100.000     250.000
     83.000     300.000       0.000
    108.000     100.000     250.000
    108.000     300.000       0.000
     57.000     100.000     250.000
     57.000     300.000       0.000
     50.000     100.000     250.000
     50.000     300.000       0.000
