     25.000     100.000     250.000
     25.000     300.000       0.000
    183.000     100.000     250.000
    183.000     300.000       0.000
     58.000     100.000     250.000
     58.000     300.000       0.000
    151.000     100.000     250.000
    151.000     300.000       0.000
    157.000     100.000     250.000
    157.000     300.000       0.000
     50.000     100.000     250.000
     50.000     300.000       0.000
    105.000     100.000     250.000
    105.000     300.000       0.000
