     69.000     100.000     250.000
     69.000     300.000       0.000
    169.000     100.000     250.000
    169.000     300.000       0.000
    138.000     100.000     250.000
    138.000     300.000       0.000
     19.000     100.000     250.000
     19.000     300.000       0.000
     22.000     100.000     250.000
     22.000     300.000       0.000
    106.000     100.000     250.000
    106.000     300.000       0.000
     13.000     100.000     250.000
     13.000     300.000       0.000
    133.000     100.000     250.000
    133.000     300.000       0.000
    114.000     100.000     250.000
    114.000     300.000       0.000
