     91.000     100.000     250.000
     91.000     300.000       0.000
    160.000     100.000     250.000
    160.000     300.000       0.000
    127.000     100.000     250.000
    127.000     300.000       0.000
    150.000     100.000     250.000
    150.000     300.000       0.000
     90.000     100.000     250.000
     90.000     300.000       0.000
     32.000     100.000     250.000
     32.000     300.000       0.000
    148.000     100.000     250.000
    148.000     300.000       0.000
     50.000     100.000     250.000
     50.000     300.000       0.000
    138.000     100.000     250.000
    138.000     300.000       0.000
