     47.000     100.000     250.000
     47.000     300.000       0.000
    107.000     100.000     250.000
    107.000     300.000       0.000
     57.000     100.000     250.000
     57.000     300.000       0.000
     78.000     100.000     250.000
     78.000     300.000       0.000
     53.000     100.000     250.000
     53.000     300.000       0.000
    149.000     100.000     250.000
    149.000     300.000       0.000
    132.000     100.000     250.000
    132.000     300.000       0.000
     47.000     100.000     250.000
     47.000     300.000       0.000
