    106.000     100.000     250.000
    106.000     300.000       0.000
     40.000     100.000     250.000
     40.000     300.000       0.000
     46.000     100.000     250.000
     46.000     300.000       0.000
     33.000     100.000     250.000
     33.000     300.000       0.000
    106.000     100.000     250.000
    106.000     300.000       0.000
     41.000     100.000     250.000
     41.000     300.000       0.000
     71.000     100.000     250.000
     71.000     300.000       0.000
    105.000     100.000     250.000
    105.000     300.000       0.000
     30.000     100.000     250.000
     30.000     300.000       0.000
    125.000     100.000     250.000
    125.000     300.000       0.000
