     67.000     100.000     250.000
     67.000     300.000       0.000
    129.000     100.000     250.000
    129.000     300.000       0.000
    142.000     100.000     250.000
    142.000     300.000       0.000
     73.000     100.000     250.000
     73.000     300.000       0.000
    115.000     100.000     250.000
    115.000     300.000       0.000
     22.000     100.000     250.000
     22.000     300.000       0.000
    189.000     100.000     250.000
    189.000     300.000       0.000
     74.000     100.000     250.000
     74.000     300.000       0.000
