     23.000     100.000     250.000
     23.000     300.000       0.000
     32.000     100.000     250.000
     32.000     300.000       0.000
     54.000     100.000     250.000
     54.000     300.000       0.000
    138.000     100.000     250.000
    138.000     300.000       0.000
    162.000     100.000     250.000
    162.000     300.000       0.000
     37.000     100.000     250.000
     37.000     300.000       0.000
    132.000     100.000     250.000
    132.000     300.000       0.000
    191.000     100.000     250.000
    191.000     300.000       0.000
    166.000     100.000     250.000
    166.000     300.000       0.000
