    150.000     100.000     250.000
    150.000     300.000       0.000
    139.000     100.000     250.000
    139.000     300.000       0.000
    168.000     100.000     250.000
    168.000     300.000       0.000
    107.000     100.000     250.000
    107.000     300.000       0.000
     94.000     100.000     250.000
     94.000     300.000       0.000
    122.000     100.000     250.000
    122.000     300.000       0.000
     45.000     100.000     250.000
     45.000     300.000       0.000
    163.000     100.000     250.000
    163.000     300.000       0.000
