     35.000     100.000     250.000
     35.000     300.000       0.000
     12.000     100.000     250.000
     12.000     300.000       0.000
     92.000     100.000     250.000
     92.000     300.000       0.000
     28.000     100.000     250.000
     28.000     300.000       0.000
    134.000     100.000     250.000
    134.000     300.000       0.000
     34.000     100.000     250.000
     34.000     300.000       0.000
     80.000     100.000     250.000
     80.000     300.000       0.000
    146.000     100.000     250.000
    146.000     300.000       0.000
