     49.000     100.000     250.000
     49.000     300.000       0.000
    154.000     100.000     250.000
    154.000     300.000       0.000
     85.000     100.000     250.000
     85.000     300.000       0.000
    170.000     100.000     250.000
    170.000     300.000       0.000
     88.000     100.000     250.000
     88.000     300.000       0.000
    169.000     100.000     250.000
    169.000     300.000       0.000
     24.000     100.000     250.000
     24.000     300.000       0.000
    146.000     100.000     250.000
    146.000     300.000       0.000
      2.000     100.000     250.000
      2.000     300.000       0.000
