     19.000     100.000     250.000
     19.000     300.000       0.000
     19.000     100.000     250.000
     19.000     300.000       0.000
     82.000     100.000     250.000
     82.000     300.000       0.000
     47.000     100.000     250.000
     47.000     300.000       0.000
     33.000     100.000     250.000
     33.000     300.000       0.000
     46.000     100.000     250.000
     46.000     300.000       0.000
     69.000     100.000     250.000
     69.000     300.000       0.000
    183.000     100.000     250.000
    183.000     300.000       0.000
    154.000     100.000     250.000
    154.000     300.000       0.000
