      8.000     100.000     250.000
      8.000     300.000       0.000
    187.000     100.000     250.000
    187.000     300.000       0.000
    101.000     100.000     250.000
    101.000     300.000       0.000
     94.000     100.000     250.000
     94.000     300.000       0.000
     41.000     100.000     250.000
     41.000     300.000       0.000
      6.000     100.000     250.000
      6.000     300.000       0.000
     51.000     100.000     250.000
     51.000     300.000       0.000
    154.000     100.000     250.000
    154.000     300.000       0.000
     23.000     100.000     250.000
     23.000     300.000       0.000
