    115.000     100.000     250.000
    115.000     300.000       0.000
    123.000     100.000     250.000
    123.000     300.000       0.000
    126.000     100.000     250.000
    126.000     300.000       0.000
    145.000     100.000     250.000
    145.000     300.000       0.000
    100.000     100.000     250.000
    100.000     300.000       0.000
    154.000     100.000     250.000
    154.000     300.000       0.000
    106.000     100.000     250.000
    106.000     300.000       0.000
     41.000     100.000     250.000
     41.000     300.000       0.000
    102.000     100.000     250.000
    102.000     300.000       0.000
