    152.000     100.000     250.000
    152.000     300.000       0.000
    164.000     100.000     250.000
    164.000     300.000       0.000
     19.000     100.000     250.000
     19.000     300.000       0.000
    176.000     100.000     250.000
    176.000     300.000       0.000
    159.000     100.000     250.000
    159.000     300.000       0.000
    191.000     100.000     250.000
    191.000     300.000       0.000
     41.000     100.000     250.000
     41.000     300.000       0.000
