     44.000     100.000     250.000
     44.000     300.000       0.000
    115.000     100.000     250.000
    115.000     300.000       0.000
    172.000     100.000     250.000
    172.000     300.000       0.000
    190.000     100.000     250.000
    190.000     300.000       0.000
     64.000     100.000     250.000
     64.000     300.000       0.000
    141.000     100.000     250.000
    141.000     300.000       0.000
     44.000     100.000     250.000
     44.000     300.000       0.000
    181.000     100.000     250.000
    181.000     300.000       0.000
