     34.000     100.000     250.000
     34.000     300.000       0.000
    137.000     100.000     250.000
    137.000     300.000       0.000
    181.000     100.000     250.000
    181.000     300.000       0.000
    107.000     100.000     250.000
    107.000     300.000       0.000
    183.000     100.000     250.000
    183.000     300.000       0.000
     50.000     100.000     250.000
     50.000     300.000       0.000
     89.000     100.000     250.000
     89.000     300.000       0.000
     59.000     100.000     250.000
     59.000     300.000       0.000
      7.000     100.000     250.000
      7.000     300.000       0.000
