     50.000     100.000     250.000
     50.000     300.000       0.000
     51.000     100.000     250.000
     51.000     300.000       0.000
    103.000     100.000     250.000
    103.000     300.000       0.000
      8.000     100.000     250.000
      8.000     300.000       0.000
     38.000     100.000     250.000
     38.000     300.000       0.000
    142.000     100.000     250.000
    142.000     300.000       0.000
    164.000     100.000     250.000
    164.000     300.000       0.000
     79.000     100.000     250.000
     79.000     300.000       0.000
    104.000     100.000     250.000
    104.000     300.000       0.000
