    149.000     100.000     250.000
    149.000     300.000       0.000
    161.000     100.000     250.000
    161.000     300.000       0.000
     73.000     100.000     250.000
     73.000     300.000       0.000
    161.000     100.000     250.000
    161.000     300.000       0.000
    108.000     100.000     250.000
    108.000     300.000       0.000
     30.000     100.000     250.000
     30.000     300.000       0.000
     51.000     100.000     250.000
     51.000     300.000       0.000
