     85.000     100.000     250.000
     85.000     300.000       0.000
    142.000     100.000     250.000
    142.000     300.000       0.000
     44.000     100.000     250.000
     44.000     300.000       0.000
     96.000     100.000     250.000
     96.000     300.000       0.000
    109.000     100.000     250.000
    109.000     300.000       0.000
    127.000     100.000     250.000
    127.000     300.000       0.000
    152.000     100.000     250.000
    152.000     300.000       0.000
     68.000     100.000     250.000
     68.000     300.000       0.000
