    148.000     100.000     250.000
    148.000     300.000       0.000
    108.000     100.000     250.000
    108.000     300.000       0.000
    124.000     100.000     250.000
    124.000     300.000       0.000
    153.000     100.000     250.000
    153.000     300.000       0.000
     39.000     100.000     250.000
     39.000     300.000       0.000
     70.000     100.000     250.000
     70.000     300.000       0.000
    142.000     100.000     250.000
    142.000     300.000       0.000
    175.000     100.000     250.000
    175.000     300.000       0.000
     83.000     100.000     250.000
     83.000     300.000       0.000
    111.000     100.000     250.000
    111.000     300.000       0.000
