    179.000     100.000     250.000
    179.000     300.000       0.000
    178.000     100.000     250.000
    178.000     300.000       0.000
    113.000     100.000     250.000
    113.000     300.000       0.000
    137.000     100.000     250.000
    137.000     300.000       0.000
    187.000     100.000     250.000
    187.000     300.000       0.000
     30.000     100.000     250.000
     30.000     300.000       0.000
     62.000     100.000     250.000
     62.000     300.000       0.000
    164.000     100.000     250.000
    164.000     300.000       0.000
