    166.000     100.000     250.000
    166.000     300.000       0.000
    108.000     100.000     250.000
    108.000     300.000       0.000
      0.000     100.000     250.000
      0.000     300.000       0.000
     23.000     100.000     250.000
     23.000     300.000       0.000
    154.000     100.000     250.000
    154.000     300.000       0.000
     40.000     100.000     250.000
     40.000     300.000       0.000
    113.000     100.000     250.000
    113.000     300.000       0.000
