    177.000     100.000     250.000
    177.000     300.000       0.000
     47.000     100.000     250.000
     47.000     300.000       0.000
    187.000     100.000     250.000
    187.000     300.000       0.000
    111.000     100.000     250.000
    111.000     300.000       0.000
    175.000     100.000     250.000
    175.000     300.000       0.000
     69.000     100.000     250.000
     69.000     300.000       0.000
     93.000     100.000     250.000
     93.000     300.000       0.000
    158.000     100.000     250.000
    158.000     300.000       0.000
     33.000     100.000     250.000
     33.000     300.000       0.000
      6.000     100.000     250.000
      6.000     300.000       0.000
