    144.000     100.000     250.000
    144.000     300.000       0.000
    189.000     100.000     250.000
    189.000     300.000       0.000
    173.000     100.000     250.000
    173.000     300.000       0.000
    151.000     100.000     250.000
    151.000     300.000       0.000
      5.000     100.000     250.000
      5.000     300.000       0.000
     37.000     100.000     250.000
     37.000     300.000       0.000
     47.000     100.000     250.000
     47.000     300.000       0.000
    108.000     100.000     250.000
    108.000     300.000       0.000
     37.000     100.000     250.000
     37.000     300.000       0.000
    120.000     100.000     250.000
    120.000     300.000       0.000
