    168.000     100.000     250.000
    168.000     300.000       0.000
      9.000     100.000     250.000
      9.000     300.000       0.000
     69.000     100.000     250.000
     69.000     300.000       0.000
      3.000     100.000     250.000
      3.000     300.000       0.000
     63.000     100.000     250.000
     63.000     300.000       0.000
     59.000     100.000     250.000
     59.000     300.000       0.000
     30.000     100.000     250.000
     30.000     300.000       0.000
    182.000     100.000     250.000
    182.000     300.000       0.000
    122.000     100.000     250.000
    122.000     300.000       0.000
     39.000     100.000     250.000
     39.000     300.000       0.000
