     74.000     100.000     250.000
     74.000     300.000       0.000
    176.000     100.000     250.000
    176.000     300.000       0.000
    159.000     100.000     250.000
    159.000     300.000       0.000
    123.000     100.000     250.000
    123.000     300.000       0.000
     40.000     100.000     250.000
     40.000     300.000       0.000
    180.000     100.000     250.000
    180.000     300.000       0.000
     61.000     100.000     250.000
     61.000     300.000       0.000
    137.000     100.000     250.000
    137.000     300.000       0.000
