     57.000     100.000     250.000
     57.000     300.000       0.000
    187.000     100.000     250.000
    187.000     300.000       0.000
    118.000     100.000     250.000
    118.000     300.000       0.000
     41.000     100.000     250.000
     41.000     300.000       0.000
     73.000     100.000     250.000
     73.000     300.000       0.000
    189.000     100.000     250.000
    189.000     300.000       0.000
     35.000     100.000     250.000
     35.000     300.000       0.000
     65.000     100.000     250.000
     65.000     300.000       0.000
