     71.000     100.000     250.000
     71.000     300.000       0.000
     17.000     100.000     250.000
     17.000     300.000       0.000
    120.000     100.000     250.000
    120.000     300.000       0.000
     95.000     100.000     250.000
     95.000     300.000       0.000
    166.000     100.000     250.000
    166.000     300.000       0.000
    122.000     100.000     250.000
    122.000     300.000       0.000
     73.000     100.000     250.000
     73.000     300.000       0.000
