    179.000     100.000     250.000
    179.000     300.000       0.000
    166.000     100.000     250.000
    166.000     300.000       0.000
     12.000     100.000     250.000
     12.000     300.000       0.000
     48.000     100.000     250.000
     48.000     300.000       0.000
    148.000     100.000     250.000
    148.000     300.000       0.000
    105.000     100.000     250.000
    105.000     300.000       0.000
     10.000     100.000     250.000
     10.000     300.000       0.000
    144.000     100.000     250.000
    144.000     300.000       0.000
     19.000     100.000     250.000
     19.000     300.000       0.000
