     71.000     100.000     250.000
     71.000     300.000       0.000
     97.000     100.000     250.000
     97.000     300.000       0.000
    173.000     100.000     250.000
    173.000     300.000       0.000
    154.000     100.000     250.000
    154.000     300.000       0.000
     19.000     100.000     250.000
     19.000     300.000       0.000
     86.000     100.000     250.000
     86.000     300.000       0.000
    137.000     100.000     250.000
    137.000     300.000       0.000
     11.000     100.000     250.000
     11.000     300.000       0.000
