    126.000     100.000     250.000
    126.000     300.000       0.000
    115.000     100.000     250.000
    115.000     300.000       0.000
    126.000     100.000     250.000
    126.000     300.000       0.000
    103.000     100.000     250.000
    103.000     300.000       0.000
    103.000     100.000     250.000
    103.000     300.000       0.000
    151.000     100.000     250.000
    151.000     300.000       0.000
    123.000     100.000     250.000
    123.000     300.000       0.000
    120.000     100.000     250.000
    120.000     300.000       0.000
