     92.000     100.000     250.000
     92.000     300.000       0.000
    167.000     100.000     250.000
    167.000     300.000       0.000
    125.000     100.000     250.000
    125.000     300.000       0.000
     36.000     100.000     250.000
     36.000     300.000       0.000
    125.000     100.000     250.000
    125.000     300.000       0.000
     82.000     100.000     250.000
     82.000     300.000       0.000
    106.000     100.000     250.000
    106.000     300.000       0.000
     37.000     100.000     250.000
     37.000     300.000       0.000
    103.000     100.000     250.000
    103.000     300.000       0.000
      4.000     100.000     250.000
      4.000     300.000       0.000
