    123.000     100.000     250.000
    123.000     300.000       0.000
    125.000     100.000     250.000
    125.000     300.000       0.000
    109.000     100.000     250.000
    109.000     300.000       0.000
     28.000     100.000     250.000
     28.000     300.000       0.000
    156.000     100.000     250.000
    156.000     300.000       0.000
     56.000     100.000     250.000
     56.000     300.000       0.000
    141.000     100.000     250.000
    141.000     300.000       0.000
    137.000     100.000     250.000
    137.000     300.000       0.000
