     29.000     100.000     250.000
     29.000     300.000       0.000
    148.000     100.000     250.000
    148.000     300.000       0.000
    154.000     100.000     250.000
    154.000     300.000       0.000
     69.000     100.000     250.000
     69.000     300.000       0.000
     76.000     100.000     250.000
     76.000     300.000       0.000
    120.000     100.000     250.000
    120.000     300.000       0.000
    179.000     100.000     250.000
    179.000     300.000       0.000
    121.000     100.000     250.000
    121.000     300.000       0.000
