    124.000     100.000     250.000
    124.000     300.000       0.000
     93.000     100.000     250.000
     93.000     300.000       0.000
    149.000     100.000     250.000
    149.000     300.000       0.000
    176.000     100.000     250.000
    176.000     300.000       0.000
     27.000     100.000     250.000
     27.000     300.000       0.000
     29.000     100.000     250.000
     29.000     300.000       0.000
     83.000     100.000     250.000
     83.000     300.000       0.000
     79.000     100.000     250.000
     79.000     300.000       0.000
