     83.000     100.000     250.000
     83.000     300.000       0.000
     38.000     100.000     250.000
     38.000     300.000       0.000
     14.000     100.000     250.000
     14.000     300.000       0.000
     50.000     100.000     250.000
     50.000     300.000       0.000
    156.000     100.000     250.000
    156.000     300.000       0.000
     54.000     100.000     250.000
     54.000     300.000       0.000
     41.000     100.000     250.000
     41.000     300.000       0.000
      8.000     100.000     250.000
      8.000     300.000       0.000
