    168.000     100.000     250.000
    168.000     300.000       0.000
      9.000     100.000     250.000
      9.000     300.000       0.000
     90.000     100.000     250.000
     90.000     300.000       0.000
     54.000     100.000     250.000
     54.000     300.000       0.000
    129.000     100.000     250.000
    129.000     300.000       0.000
     24.000     100.000     250.000
     24.000     300.000       0.000
     30.000     100.000     250.000
     30.000     300.000       0.000
    105.000     100.000     250.000
    105.000     300.000       0.000
