     78.000     100.000     250.000
     78.000     300.000       0.000
     26.000     100.000     250.000
     26.000     300.000       0.000
     64.000     100.000     250.000
     64.000     300.000       0.000
    165.000     100.000     250.000
    165.000     300.000       0.000
     72.000     100.000     250.000
     72.000     300.000       0.000
    103.000     100.000     250.000
    103.000     300.000       0.000
     81.000     100.000     250.000
     81.000     300.000       0.000
