     54.000     100.000     250.000
     54.000     300.000       0.000
    152.000     100.000     250.000
    152.000     300.000       0.000
     87.000     100.000     250.000
     87.000     300.000       0.000
     16.000     100.000     250.000
     16.000     300.000       0.000
     77.000     100.000     250.000
     77.000     300.000       0.000
    162.000     100.000     250.000
    162.000     300.000       0.000
      2.000     100.000     250.000
      2.000     300.000       0.000
     18.000     100.000     250.000
     18.000     300.000       0.000
