     37.000     100.000     250.000
     37.000     300.000       0.000
    100.000     100.000     250.000
    100.000     300.000       0.000
    124.000     100.000     250.000
    124.000     300.000       0.000
    182.000     100.000     250.000
    182.000     300.000       0.000
      0.000     100.000     250.000
      0.000     300.000       0.000
     50.000     100.000     250.000
     50.000     300.000       0.000
     76.000     100.000     250.000
     76.000     300.000       0.000
     39.000     100.000     250.000
     39.000     300.000       0.000
    137.000     100.000     250.000
    137.000     300.000       0.000
    159.000     100.000     250.000
    159.000     300.000       0.000
