    105.000     100.000     250.000
    105.000     300.000       0.000
    175.000     100.000     250.000
    175.000     300.000       0.000
     14.000     100.000     250.000
     14.000     300.000       0.000
     22.000     100.000     250.000
     22.000     300.000       0.000
    121.000     100.000     250.000
    121.000     300.000       0.000
     13.000     100.000     250.000
     13.000     300.000       0.000
     68.000     100.000     250.000
     68.000     300.000       0.000
