    134.000     100.000     250.000
    134.000     300.000       0.000
    172.000     100.000     250.000
    172.000     300.000       0.000
     36.000     100.000     250.000
     36.000     300.000       0.000
    143.000     100.000     250.000
    143.000     300.000       0.000
     77.000     100.000     250.000
     77.000     300.000       0.000
     73.000     100.000     250.000
     73.000     300.000       0.000
    128.000     100.000     250.000
    128.000     300.000       0.000
