    103.000     100.000     250.000
    103.000     300.000       0.000
    125.000     100.000     250.000
    125.000     300.000       0.000
    178.000     100.000     250.000
    178.000     300.000       0.000
     88.000     100.000     250.000
     88.000     300.000       0.000
     15.000     100.000     250.000
     15.000     300.000       0.000
    106.000     100.000     250.000
    106.000     300.000       0.000
    124.000     100.000     250.000
    124.000     300.000       0.000
    111.000     100.000     250.000
    111.000     300.000       0.000
    136.000     100.000     250.000
    136.000     300.000       0.000
      1.000     100.000     250.000
      1.000     300.000       0.000
