    102.000     100.000     250.000
    102.000     300.000       0.000
     23.000     100.000     250.000
     23.000     300.000       0.000
    107.000     100.000     250.000
    107.000     300.000       0.000
     53.000     100.000     250.000
     53.000     300.000       0.000
     39.000     100.000     250.000
     39.000     300.000       0.000
     90.000     100.000     250.000
     90.000     300.000       0.000
    164.000     100.000     250.000
    164.000     300.000       0.000
     22.000     100.000     250.000
     22.000     300.000       0.000
     51.000     100.000     250.000
     51.000     300.000       0.000
