     12.000     100.000     250.000
     12.000     300.000       0.000
     94.000     100.000     250.000
     94.000     300.000       0.000
    126.000     100.000     250.000
    126.000     300.000       0.000
     98.000     100.000     250.000
     98.000     300.000       0.000
     98.000     100.000     250.000
     98.000     300.000       0.000
    153.000     100.000     250.000
    153.000     300.000       0.000
     86.000     100.000     250.000
     86.000     300.000       0.000
