     73.000     100.000     250.000
     73.000     300.000       0.000
    151.000     100.000     250.000
    151.000     300.000       0.000
    140.000     100.000     250.000
    140.000     300.000       0.000
     82.000     100.000     250.000
     82.000     300.000       0.000
     95.000     100.000     250.000
     95.000     300.000       0.000
    163.000     100.000     250.000
    163.000     300.000       0.000
     72.000     100.000     250.000
     72.000     300.000       0.000
      3.000     100.000     250.000
      3.000     300.000       0.000
