     25.000     100.000     250.000
     25.000     300.000       0.000
    127.000     100.000     250.000
    127.000     300.000       0.000
     72.000     100.000     250.000
     72.000     300.000       0.000
    100.000     100.000     250.000
    100.000     300.000       0.000
     94.000     100.000     250.000
     94.000     300.000       0.000
    173.000     100.000     250.000
    173.000     300.000       0.000
      1.000     100.000     250.000
      1.000     300.000       0.000
     89.000     100.000     250.000
     89.000     300.000       0.000
    130.000     100.000     250.000
    130.000     300.000       0.000
     57.000     100.000     250.000
     57.000     300.000       0.000
