    163.000     100.000     250.000
    163.000     300.000       0.000
    108.000     100.000     250.000
    108.000     300.000       0.000
     81.000     100.000     250.000
     81.000     300.000       0.000
    185.000     100.000     250.000
    185.000     300.000       0.000
     31.000     100.000     250.000
     31.000     300.000       0.000
     91.000     100.000     250.000
     91.000     300.000       0.000
     56.000     100.000     250.000
     56.000     300.000       0.000
