     50.000     100.000     250.000
     50.000     300.000       0.000
    134.000     100.000     250.000
    134.000     300.000       0.000
     64.000     100.000     250.000
     64.000     300.000       0.000
    113.000     100.000     250.000
    113.000     300.000       0.000
     82.000     100.000     250.000
     82.000     300.000       0.000
    189.000     100.000     250.000
    189.000     300.000       0.000
     54.000     100.000     250.000
     54.000     300.000       0.000
