     16.000     100.000     250.000
     16.000     300.000       0.000
     28.000     100.000     250.000
     28.000     300.000       0.000
     35.000     100.000     250.000
     35.000     300.000       0.000
     75.000     100.000     250.000
     75.000     300.000       0.000
    168.000     100.000     250.000
    168.000     300.000       0.000
     62.000     100.000     250.000
     62.000     300.000       0.000
     62.000     100.000     250.000
     62.000     300.000       0.000
     17.000     100.000     250.000
     17.000     300.000       0.000
    157.000     100.000     250.000
    157.000     300.000       0.000
     76.000     100.000     250.000
     76.000     300.000       0.000
