     41.000     100.000     250.000
     41.000     300.000       0.000
     10.000     100.000     250.000
     10.000     300.000       0.000
     89.000     100.000     250.000
     89.000     300.000       0.000
     74.000     100.000     250.000
     74.000     300.000       0.000
    147.000     100.000     250.000
    147.000     300.000       0.000
    158.000     100.000     250.000
    158.000     300.000       0.000
    109.000     100.000     250.000
    109.000     300.000       0.000
    100.000     100.000     250.000
    100.000     300.000       0.000
     34.000     100.000     250.000
     34.000     300.000       0.000
