     56.000     100.000     250.000
     56.000     300.000       0.000
     79.000     100.000     250.000
     79.000     300.000       0.000
     80.000     100.000     250.000
     80.000     300.000       0.000
    123.000     100.000     250.000
    123.000     300.000       0.000
     54.000     100.000     250.000
     54.000     300.000       0.000
    167.000     100.000     250.000
    167.000     300.000       0.000
     52.000     100.000     250.000
     52.000     300.000       0.000
