     25.000     100.000     250.000
     25.000     300.000       0.000
    116.000     100.000     250.000
    116.000     300.000       0.000
    176.000     100.000     250.000
    176.000     300.000       0.000
    160.000     100.000     250.000
    160.000     300.000       0.000
     12.000     100.000     250.000
     12.000     300.000       0.000
     71.000     100.000     250.000
     71.000     300.000       0.000
     13.000     100.000     250.000
     13.000     300.000       0.000
