    105.000     100.000     250.000
    105.000     300.000       0.000
     39.000     100.000     250.000
     39.000     300.000       0.000
     91.000     100.000     250.000
     91.000     300.000       0.000
     79.000     100.000     250.000
     79.000     300.000       0.000
     16.000     100.000     250.000
     16.000     300.000       0.000
     76.000     100.000     250.000
     76.000     300.000       0.000
    106.000     100.000     250.000
    106.000     300.000       0.000
    110.000     100.000     250.000
    110.000     300.000       0.000
    172.000     100.000     250.000
    172.000     300.000       0.000
     73.000     100.000     250.000
     73.000     300.000       0.000
