    126.000     100.000     250.000
    126.000     300.000       0.000
     90.000     100.000     250.000
     90.000     300.000       0.000
     15.000     100.000     250.000
     15.000     300.000       0.000
     10.000     100.000     250.000
     10.000     300.000       0.000
    189.000     100.000     250.000
    189.000     300.000       0.000
    109.000     100.000     250.000
    109.000     300.000       0.000
    122.000     100.000     250.000
    122.000     300.000       0.000
