    169.000     100.000     250.000
    169.000     300.000       0.000
     96.000     100.000     250.000
     96.000     300.000       0.000
    190.000     100.000     250.000
    190.000     300.000       0.000
    146.000     100.000     250.000
    146.000     300.000       0.000
     95.000     100.000     250.000
     95.000     300.000       0.000
    178.000     100.000     250.000
    178.000     300.000       0.000
     25.000     100.000     250.000
     25.000     300.000       0.000
