     20.000     100.000     250.000
     20.000     300.000       0.000
     32.000     100.000     250.000
     32.000     300.000       0.000
     59.000     100.000     250.000
     59.000     300.000       0.000
    146.000     100.000     250.000
    146.000     300.000       0.000
    162.000     100.000     250.000
    162.000     300.000       0.000
    141.000     100.000     250.000
    141.000     300.000       0.000
     79.000     100.000     250.000
     79.000     300.000       0.000
     45.000     100.000     250.000
     45.000     300.000       0.000
