     38.000     100.000     250.000
     38.000     300.000       0.000
    147.000     100.000     250.000
    147.000     300.000       0.000
      5.000     100.000     250.000
      5.000     300.000       0.000
    130.000     100.000     250.000
    130.000     300.000       0.000
    146.000     100.000     250.000
    146.000     300.000       0.000
    152.000     100.000     250.000
    152.000     300.000       0.000
    140.000     100.000     250.000
    140.000     300.000       0.000
    182.000     100.000     250.000
    182.000     300.000       0.000
     36.000     100.000     250.000
     36.000     300.000       0.000
    184.000     100.000     250.000
    184.000     300.000       0.000
