    114.000     100.000     250.000
    114.000     300.000       0.000
     50.000     100.000     250.000
     50.000     300.000       0.000
    112.000     100.000     250.000
    112.000     300.000       0.000
     25.000     100.000     250.000
     25.000     300.000       0.000
     89.000     100.000     250.000
     89.000     300.000       0.000
     95.000     100.000     250.000
     95.000     300.000       0.000
     69.000     100.000     250.000
     69.000     300.000       0.000
    108.000     100.000     250.000
    108.000     300.000       0.000
