     62.000     100.000     250.000
     62.000     300.000       0.000
    132.000     100.000     250.000
    132.000     300.000       0.000
    175.000     100.000     250.000
    175.000     300.000       0.000
     84.000     100.000     250.000
     84.000     300.000       0.000
    102.000     100.000     250.000
    102.000     300.000       0.000
    186.000     100.000     250.000
    186.000     300.000       0.000
    110.000     100.000     250.000
    110.000     300.000       0.000
