    174.000     100.000     250.000
    174.000     300.000       0.000
     83.000     100.000     250.000
     83.000     300.000       0.000
    100.000     100.000     250.000
    100.000     300.000       0.000
    151.000     100.000     250.000
    151.000     300.000       0.000
     13.000     100.000     250.000
     13.000     300.000       0.000
    105.000     100.000     250.000
    105.000     300.000       0.000
    138.000     100.000     250.000
    138.000     300.000       0.000
     24.000     100.000     250.000
     24.000     300.000       0.000
    135.000     100.000     250.000
    135.000     300.000       0.000
