     67.000     100.000     250.000
     67.000     300.000       0.000
    140.000     100.000     250.000
    140.000     300.000       0.000
     22.000     100.000     250.000
     22.000     300.000       0.000
     15.000     100.000     250.000
     15.000     300.000       0.000
     31.000     100.000     250.000
     31.000     300.000       0.000
    164.000     100.000     250.000
    164.000     300.000       0.000
    145.000     100.000     250.000
    145.000     300.000       0.000
     51.000     100.000     250.000
     51.000     300.000       0.000
     39.000     100.000     250.000
     39.000     300.000       0.000
