    149.000     100.000     250.000
    149.000     300.000       0.000
     91.000     100.000     250.000
     91.000     300.000       0.000
     19.000     100.000     250.000
     19.000     300.000       0.000
    169.000     100.000     250.000
    169.000     300.000       0.000
    139.000     100.000     250.000
    139.000     300.000       0.000
     84.000     100.000     250.000
     84.000     300.000       0.000
     44.000     100.000     250.000
     44.000     300.000       0.000
      1.000     100.000     250.000
      1.000     300.000       0.000
    169.000     100.000     250.000
    169.000     300.000       0.000
