     96.000     100.000     250.000
     96.000     300.000       0.000
    135.000     100.000     250.000
    135.000     300.000       0.000
    166.000     100.000     250.000
    166.000     300.000       0.000
     51.000     100.000     250.000
     51.000     300.000       0.000
    128.000     100.000     250.000
    128.000     300.000       0.000
     71.000     100.000     250.000
     71.000     300.000       0.000
     60.000     100.000     250.000
     60.000     300.000       0.000
    115.000     100.000     250.000
    115.000     300.000       0.000
      9.000     100.000     250.000
      9.000     300.000       0.000
