    168.000     100.000     250.000
    168.000     300.000       0.000
    112.000     100.000     250.000
    112.000     300.000       0.000
    123.000     100.000     250.000
    123.000     300.000       0.000
    119.000     100.000     250.000
    119.000     300.000       0.000
    123.000     100.000     250.000
    123.000     300.000       0.000
    146.000     100.000     250.000
    146.000     300.000       0.000
     47.000     100.000     250.000
     47.000     300.000       0.000
