    161.000     100.000     250.000
    161.000     300.000       0.000
     28.000     100.000     250.000
     28.000     300.000       0.000
     11.000     100.000     250.000
     11.000     300.000       0.000
     72.000     100.000     250.000
     72.000     300.000       0.000
    108.000     100.000     250.000
    108.000     300.000       0.000
    167.000     100.000     250.000
    167.000     300.000       0.000
     82.000     100.000     250.000
     82.000     300.000       0.000
    180.000     100.000     250.000
    180.000     300.000       0.000
      3.000     100.000     250.000
      3.000     300.000       0.000
