    108.000     100.000     250.000
    108.000     300.000       0.000
    106.000     100.000     250.000
    106.000     300.000       0.000
    163.000     100.000     250.000
    163.000     300.000       0.000
     41.000     100.000     250.000
     41.000     300.000       0.000
     49.000     100.000     250.000
     49.000     300.000       0.000
    122.000     100.000     250.000
    122.000     300.000       0.000
    191.000     100.000     250.000
    191.000     300.000       0.000
    120.000     100.000     250.000
    120.000     300.000       0.000
