    135.000     100.000     250.000
    135.000     300.000       0.000
     37.000     100.000     250.000
     37.000     300.000       0.000
     28.000     100.000     250.000
     28.000     300.000       0.000
    162.000     100.000     250.000
    162.000     300.000       0.000
    133.000     100.000     250.000
    133.000     300.000       0.000
    172.000     100.000     250.000
    172.000     300.000       0.000
     35.000     100.000     250.000
     35.000     300.000       0.000
    108.000     100.000     250.000
    108.000     300.000       0.000
     61.000     100.000     250.000
     61.000     300.000       0.000
     56.000     100.000     250.000
     56.000     300.000       0.000
