     84.000     100.000     250.000
     84.000     300.000       0.000
     89.000     100.000     250.000
     89.000     300.000       0.000
     46.000     100.000     250.000
     46.000     300.000       0.000
     27.000     100.000     250.000
     27.000     300.000       0.000
     80.000     100.000     250.000
     80.000     300.000       0.000
    164.000     100.000     250.000
    164.000     300.000       0.000
    174.000     100.000     250.000
    174.000     300.000       0.000
