    160.000     100.000     250.000
    160.000     300.000       0.000
    177.000     100.000     250.000
    177.000     300.000       0.000
     30.000     100.000     250.000
     30.000     300.000       0.000
    121.000     100.000     250.000
    121.000     300.000       0.000
    164.000     100.000     250.000
    164.000     300.000       0.000
     67.000     100.000     250.000
     67.000     300.000       0.000
    127.000     100.000     250.000
    127.000     300.000       0.000
     59.000     100.000     250.000
     59.000     300.000       0.000
