     52.000     100.000     250.000
     52.000     300.000       0.000
     67.000     100.000     250.000
     67.000     300.000       0.000
     29.000     100.000     250.000
     29.000     300.000       0.000
    140.000     100.000     250.000
    140.000     300.000       0.000
    184.000     100.000     250.000
    184.000     300.000       0.000
    105.000     100.000     250.000
    105.000     300.000       0.000
      9.000     100.000     250.000
      9.000     300.000       0.000
     18.000     100.000     250.000
     18.000     300.000       0.000
