    128.000     100.000     250.000
    128.000     300.000       0.000
    141.000     100.000     250.000
    141.000     300.000       0.000
      5.000     100.000     250.000
      5.000     300.000       0.000
    144.000     100.000     250.000
    144.000     300.000       0.000
     51.000     100.000     250.000
     51.000     300.000       0.000
     97.000     100.000     250.000
     97.000     300.000       0.000
     83.000     100.000     250.000
     83.000     300.000       0.000
