    128.000     100.000     250.000
    128.000     300.000       0.000
     57.000     100.000     250.000
     57.000     300.000       0.000
    138.000     100.000     250.000
    138.000     300.000       0.000
    147.000     100.000     250.000
    147.000     300.000       0.000
     71.000     100.000     250.000
     71.000     300.000       0.000
     80.000     100.000     250.000
     80.000     300.000       0.000
     49.000     100.000     250.000
     49.000     300.000       0.000
     35.000     100.000     250.000
     35.000     300.000       0.000
    167.000     100.000     250.000
    167.000     300.000       0.000
    114.000     100.000     250.000
    114.000     300.000       0.000
