     12.000     100.000     250.000
     12.000     300.000       0.000
    124.000     100.000     250.000
    124.000     300.000       0.000
    127.000     100.000     250.000
    127.000     300.000       0.000
     14.000     100.000     250.000
     14.000     300.000       0.000
    126.000     100.000     250.000
    126.000     300.000       0.000
    145.000     100.000     250.000
    145.000     300.000       0.000
     71.000     100.000     250.000
     71.000     300.000       0.000
    189.000     100.000     250.000
    189.000     300.000       0.000
    180.000     100.000     250.000
    180.000     300.000       0.000
