    130.000     100.000     250.000
    130.000     300.000       0.000
     92.000     100.000     250.000
     92.000     300.000       0.000
     81.000     100.000     250.000
     81.000     300.000       0.000
    136.000     100.000     250.000
    136.000     300.000       0.000
    160.000     100.000     250.000
    160.000     300.000       0.000
     78.000     100.000     250.000
     78.000     300.000       0.000
     11.000     100.000     250.000
     11.000     300.000       0.000
     87.000     100.000     250.000
     87.000     300.000       0.000
    157.000     100.000     250.000
    157.000     300.000       0.000
