     39.000     100.000     250.000
     39.000     300.000       0.000
    109.000     100.000     250.000
    109.000     300.000       0.000
     64.000     100.000     250.000
     64.000     300.000       0.000
     16.000     100.000     250.000
     16.000     300.000       0.000
     64.000     100.000     250.000
     64.000     300.000       0.000
    148.000     100.000     250.000
    148.000     300.000       0.000
    119.000     100.000     250.000
    119.000     300.000       0.000
