    159.000     100.000     250.000
    159.000     300.000       0.000
     95.000     100.000     250.000
     95.000     300.000       0.000
    117.000     100.000     250.000
    117.000     300.000       0.000
     85.000     100.000     250.000
     85.000     300.000       0.000
    103.000     100.000     250.000
    103.000     300.000       0.000
     81.000     100.000     250.000
     81.000     300.000       0.000
     64.000     100.000     250.000
     64.000     300.000       0.000
    153.000     100.000     250.000
    153.000     300.000       0.000
     46.000     100.000     250.000
     46.000     300.000       0.000
