    170.000     100.000     250.000
    170.000     300.000       0.000
    158.000     100.000     250.000
    158.000     300.000       0.000
    189.000     100.000     250.000
    189.000     300.000       0.000
    129.000     100.000     250.000
    129.000     300.000       0.000
     54.000     100.000     250.000
     54.000     300.000       0.000
    125.000     100.000     250.000
    125.000     300.000       0.000
     84.000     100.000     250.000
     84.000     300.000       0.000
