      5.000     100.000     250.000
      5.000     300.000       0.000
     75.000     100.000     250.000
     75.000     300.000       0.000
     68.000     100.000     250.000
     68.000     300.000       0.000
     44.000     100.000     250.000
     44.000     300.000       0.000
    139.000     100.000     250.000
    139.000     300.000       0.000
     86.000     100.000     250.000
     86.000     300.000       0.000
     33.000     100.000     250.000
     33.000     300.000       0.000
      2.000     100.000     250.000
      2.000     300.000       0.000
    134.000     100.000     250.000
    134.000     300.000       0.000
    101.000     100.000     250.000
    101.000     300.000       0.000
