     16.000     100.000     250.000
     16.000     300.000       0.000
     74.000     100.000     250.000
     74.000     300.000       0.000
     14.000     100.000     250.000
     14.000     300.000       0.000
     70.000     100.000     250.000
     70.000     300.000       0.000
     88.000     100.000     250.000
     88.000     300.000       0.000
    176.000     100.000     250.000
    176.000     300.000       0.000
    103.000     100.000     250.000
    103.000     300.000       0.000
