     93.000     100.000     250.000
     93.000     300.000       0.000
      5.000     100.000     250.000
      5.000     300.000       0.000
    184.000     100.000     250.000
    184.000     300.000       0.000
    116.000     100.000     250.000
    116.000     300.000       0.000
     85.000     100.000     250.000
     85.000     300.000       0.000
    190.000     100.000     250.000
    190.000     300.000       0.000
    132.000     100.000     250.000
    132.000     300.000       0.000
    148.000     100.000     250.000
    148.000     300.000       0.000
