     49.000     100.000     250.000
     49.000     300.000       0.000
     94.000     100.000     250.000
     94.000     300.000       0.000
     12.000     100.000     250.000
     12.000     300.000       0.000
    188.000     100.000     250.000
    188.000     300.000       0.000
     12.000     100.000     250.000
     12.000     300.000       0.000
     89.000     100.000     250.000
     89.000     300.000       0.000
    179.000     100.000     250.000
    179.000     300.000       0.000
