    149.000     100.000     250.000
    149.000     300.000       0.000
      9.000     100.000     250.000
      9.000     300.000       0.000
    186.000     100.000     250.000
    186.000     300.000       0.000
     56.000     100.000     250.000
     56.000     300.000       0.000
     33.000     100.000     250.000
     33.000     300.000       0.000
     42.000     100.000     250.000
     42.000     300.000       0.000
    121.000     100.000     250.000
    121.000     300.000       0.000
     39.000     100.000     250.000
     39.000     300.000       0.000
    112.000     100.000     250.000
    112.000     300.000       0.000
    152.000     100.000     250.000
    152.000     300.000       0.000
