    174.000     100.000     250.000
    174.000     300.000       0.000
     73.000     100.000     250.000
     73.000     300.000       0.000
     18.000     100.000     250.000
     18.000     300.000       0.000
      6.000     100.000     250.000
      6.000     300.000       0.000
    161.000     100.000     250.000
    161.000     300.000       0.000
    100.000     100.000     250.000
    100.000     300.000       0.000
     90.000     100.000     250.000
     90.000     300.000       0.000
    120.000     100.000     250.000
    120.000     300.000       0.000
