     86.000     100.000     250.000
     86.000     300.000       0.000
    163.000     100.000     250.000
    163.000     300.000       0.000
     35.000     100.000     250.000
     35.000     300.000       0.000
     55.000     100.000     250.000
     55.000     300.000       0.000
    167.000     100.000     250.000
    167.000     300.000       0.000
     57.000     100.000     250.000
     57.000     300.000       0.000
    145.000     100.000     250.000
    145.000     300.000       0.000
