    150.000     100.000     250.000
    150.000     300.000       0.000
     58.000     100.000     250.000
     58.000     300.000       0.000
     64.000     100.000     250.000
     64.000     300.000       0.000
    132.000     100.000     250.000
    132.000     300.000       0.000
    132.000     100.000     250.000
    132.000     300.000       0.000
     69.000     100.000     250.000
     69.000     300.000       0.000
    116.000     100.000     250.000
    116.000     300.000       0.000
