     44.000     100.000     250.000
     44.000     300.000       0.000
     66.000     100.000     250.000
     66.000     300.000       0.000
    115.000     100.000     250.000
    115.000     300.000       0.000
     52.000     100.000     250.000
     52.000     300.000       0.000
     28.000     100.000     250.000
     28.000     300.000       0.000
      6.000     100.000     250.000
      6.000     300.000       0.000
     75.000     100.000     250.000
     75.000     300.000       0.000
      3.000     100.000     250.000
      3.000     300.000       0.000
     84.000     100.000     250.000
     84.000     300.000       0.000
