    122.000     100.000     250.000
    122.000     300.000       0.000
     50.000     100.000     250.000
     50.000     300.000       0.000
    176.000     100.000     250.000
    176.000     300.000       0.000
      1.000     100.000     250.000
      1.000     300.000       0.000
     48.000     100.000     250.000
     48.000     300.000       0.000
    135.000     100.000     250.000
    135.000     300.000       0.000
    160.000     100.000     250.000
    160.000     300.000       0.000
     98.000     100.000     250.000
     98.000     300.000       0.000
