    102.000     100.000     250.000
    102.000     300.000       0.000
    140.000     100.000     250.000
    140.000     300.000       0.000
     92.000     100.000     250.000
     92.000     300.000       0.000
     45.000     100.000     250.000
     45.000     300.000       0.000
    159.000     100.000     250.000
    159.000     300.000       0.000
     50.000     100.000     250.000
     50.000     300.000       0.000
     57.000     100.000     250.000
     57.000     300.000       0.000
     63.000     100.000     250.000
     63.000     300.000       0.000
