    173.000     100.000     250.000
    173.000     300.000       0.000
     12.000     100.000     250.000
     12.000     300.000       0.000
     79.000     100.000     250.000
     79.000     300.000       0.000
     27.000     100.000     250.000
     27.000     300.000       0.000
    131.000     100.000     250.000
    131.000     300.000       0.000
    112.000     100.000     250.000
    112.000     300.000       0.000
     92.000     100.000     250.000
     92.000     300.000       0.000
    125.000     100.000     250.000
    125.000     300.000       0.000
     72.000     100.000     250.000
     72.000     300.000       0.000
