     53.000     100.000     250.000
     53.000     300.000       0.000
     75.000     100.000     250.000
     75.000     300.000       0.000
    146.000     100.000     250.000
    146.000     300.000       0.000
    164.000     100.000     250.000
    164.000     300.000       0.000
    136.000     100.000     250.000
    136.000     300.000       0.000
    165.000     100.000     250.000
    165.000     300.000       0.000
    108.000     100.000     250.000
    108.000     300.000       0.000
     82.000     100.000     250.000
     82.000     300.000       0.000
    168.000     100.000     250.000
    168.000     300.000       0.000
