    164.000     100.000     250.000
    164.000     300.000       0.000
     30.000     100.000     250.000
     30.000     300.000       0.000
     86.000     100.000     250.000
     86.000     300.000       0.000
     50.000     100.000     250.000
     50.000     300.000       0.000
    180.000     100.000     250.000
    180.000     300.000       0.000
      0.000     100.000     250.000
      0.000     300.000       0.000
    148.000     100.000     250.000
    148.000     300.000       0.000
     68.000     100.000     250.000
     68.000     300.000       0.000
      7.000     100.000     250.000
      7.000     300.000       0.000
     46.000     100.000     250.000
     46.000     300.000       0.000
