    137.000     100.000     250.000
    137.000     300.000       0.000
    181.000     100.000     250.000
    181.000     300.000       0.000
    176.000     100.000     250.000
    176.000     300.000       0.000
    148.000     100.000     250.000
    148.000     300.000       0.000
    139.000     100.000     250.000
    139.000     300.000       0.000
     98.000     100.000     250.000
     98.000     300.000       0.000
     53.000     100.000     250.000
     53.000     300.000       0.000
