     62.000     100.000     250.000
     62.000     300.000       0.000
     12.000     100.000     250.000
     12.000     300.000       0.000
    156.000     100.000     250.000
    156.000     300.000       0.000
     30.000     100.000     250.000
     30.000     300.000       0.000
    143.000     100.000     250.000
    143.000     300.000       0.000
     67.000     100.000     250.000
     67.000     300.000       0.000
    107.000     100.000     250.000
    107.000     300.000       0.000
