     67.000     100.000     250.000
     67.000     300.000       0.000
    152.000     100.000     250.000
    152.000     300.000       0.000
    179.000     100.000     250.000
    179.000     300.000       0.000
    186.000     100.000     250.000
    186.000     300.000       0.000
     25.000     100.000     250.000
     25.000     300.000       0.000
    136.000     100.000     250.000
    136.000     300.000       0.000
     49.000     100.000     250.000
     49.000     300.000       0.000
    181.000     100.000     250.000
    181.000     300.000       0.000
