     78.000     100.000     250.000
     78.000     300.000       0.000
     64.000     100.000     250.000
     64.000     300.000       0.000
     79.000     100.000     250.000
     79.000     300.000       0.000
    174.000     100.000     250.000
    174.000     300.000       0.000
     43.000     100.000     250.000
     43.000     300.000       0.000
    111.000     100.000     250.000
    111.000     300.000       0.000
    112.000     100.000     250.000
    112.000     300.000       0.000
    178.000     100.000     250.000
    178.000     300.000       0.000
