    186.000     100.000     250.000
    186.000     300.000       0.000
    152.000     100.000     250.000
    152.000     300.000       0.000
     68.000     100.000     250.000
     68.000     300.000       0.000
    163.000     100.000     250.000
    163.000     300.000       0.000
     40.000     100.000     250.000
     40.000     300.000       0.000
     86.000     100.000     250.000
     86.000     300.000       0.000
    175.000     100.000     250.000
    175.000     300.000       0.000
    124.000     100.000     250.000
    124.000     300.000       0.000
     92.000     100.000     250.000
     92.000     300.000       0.000
    188.000     100.000     250.000
    188.000     300.000       0.000
