    140.000     100.000     250.000
    140.000     300.000       0.000
    119.000     100.000     250.000
    119.000     300.000       0.000
    148.000     100.000     250.000
    148.000     300.000       0.000
     89.000     100.000     250.000
     89.000     300.000       0.000
     43.000     100.000     250.000
     43.000     300.000       0.000
     84.000     100.000     250.000
     84.000     300.000       0.000
     10.000     100.000     250.000
     10.000     300.000       0.000
    125.000     100.000     250.000
    125.000     300.000       0.000
     72.000     100.000     250.000
     72.000     300.000       0.000
