    141.000     100.000     250.000
    141.000     300.000       0.000
    166.000     100.000     250.000
    166.000     300.000       0.000
     92.000     100.000     250.000
     92.000     300.000       0.000
    124.000     100.000     250.000
    124.000     300.000       0.000
     22.000     100.000     250.000
     22.000     300.000       0.000
     86.000     100.000     250.000
     86.000     300.000       0.000
     96.000     100.000     250.000
     96.000     300.000       0.000
     74.000     100.000     250.000
     74.000     300.000       0.000
     70.000     100.000     250.000
     70.000     300.000       0.000
    132.000     100.000     250.000
    132.000     300.000       0.000
