    100.000     100.000     250.000
    100.000     300.000       0.000
     38.000     100.000     250.000
     38.000     300.000       0.000
    160.000     100.000     250.000
    160.000     300.000       0.000
    100.000     100.000     250.000
    100.000     300.000       0.000
    160.000     100.000     250.000
    160.000     300.000       0.000
     57.000     100.000     250.000
     57.000     300.000       0.000
     37.000     100.000     250.000
     37.000     300.000       0.000
     81.000     100.000     250.000
     81.000     300.000       0.000
