     38.000     100.000     250.000
     38.000     300.000       0.000
     81.000     100.000     250.000
     81.000     300.000       0.000
     11.000     100.000     250.000
     11.000     300.000       0.000
     73.000     100.000     250.000
     73.000     300.000       0.000
     91.000     100.000     250.000
     91.000     300.000       0.000
    171.000     100.000     250.000
    171.000     300.000       0.000
     21.000     100.000     250.000
     21.000     300.000       0.000
     21.000     100.000     250.000
     21.000     300.000       0.000
     93.000     100.000     250.000
     93.000     300.000       0.000
