     49.000     100.000     250.000
     49.000     300.000       0.000
    146.000     100.000     250.000
    146.000     300.000       0.000
     73.000     100.000     250.000
     73.000     300.000       0.000
    174.000     100.000     250.000
    174.000     300.000       0.000
      1.000     100.000     250.000
      1.000     300.000       0.000
     58.000     100.000     250.000
     58.000     300.000       0.000
     43.000     100.000     250.000
     43.000     300.000       0.000
     71.000     100.000     250.000
     71.000     300.000       0.000
    164.000     100.000     250.000
    164.000     300.000       0.000
    161.000     100.000     250.000
    161.000     300.000       0.000
