     11.000     100.000     250.000
     11.000     300.000       0.000
    121.000     100.000     250.000
    121.000     300.000       0.000
     43.000     100.000     250.000
     43.000     300.000       0.000
      9.000     100.000     250.000
      9.000     300.000       0.000
    139.000     100.000     250.000
    139.000     300.000       0.000
    174.000     100.000     250.000
    174.000     300.000       0.000
     58.000     100.000     250.000
     58.000     300.000       0.000
     99.000     100.000     250.000
     99.000     300.000       0.000
     45.000     100.000     250.000
     45.000     300.000       0.000
     82.000     100.000     250.000
     82.000     300.000       0.000
