     19.000     100.000     250.000
     19.000     300.000       0.000
    114.000     100.000     250.000
    114.000     300.000       0.000
     25.000     100.000     250.000
     25.000     300.000       0.000
      6.000     100.000     250.000
      6.000     300.000       0.000
     18.000     100.000     250.000
     18.000     300.000       0.000
     59.000     100.000     250.000
     59.000     300.000       0.000
     56.000     100.000     250.000
     56.000     300.000       0.000
    173.000     100.000     250.000
    173.000     300.000       0.000
