     41.000     100.000     250.000
     41.000     300.000       0.000
    122.000     100.000     250.000
    122.000     300.000       0.000
    154.000     100.000     250.000
    154.000     300.000       0.000
    129.000     100.000     250.000
    129.000     300.000       0.000
     40.000     100.000     250.000
     40.000     300.000       0.000
     77.000     100.000     250.000
     77.000     300.000       0.000
    184.000     100.000     250.000
    184.000     300.000       0.000
      5.000     100.000     250.000
      5.000     300.000       0.000
