    124.000     100.000     250.000
    124.000     300.000       0.000
     68.000     100.000     250.000
     68.000     300.000       0.000
    135.000     100.000     250.000
    135.000     300.000       0.000
     97.000     100.000     250.000
     97.000     300.000       0.000
    110.000     100.000     250.000
    110.000     300.000       0.000
     96.000     100.000     250.000
     96.000     300.000       0.000
     48.000     100.000     250.000
     48.000     300.000       0.000
     33.000     100.000     250.000
     33.000     300.000       0.000
     37.000     100.000     250.000
     37.000     300.000       0.000
