    100.000     100.000     250.000
    100.000     300.000       0.000
     83.000     100.000     250.000
     83.000     300.000       0.000
     94.000     100.000     250.000
     94.000     300.000       0.000
    164.000     100.000     250.000
    164.000     300.000       0.000
    123.000     100.000     250.000
    123.000     300.000       0.000
     31.000     100.000     250.000
     31.000     300.000       0.000
    132.000     100.000     250.000
    132.000     300.000       0.000
    173.000     100.000     250.000
    173.000     300.000       0.000
    132.000     100.000     250.000
    132.000     300.000       0.000
    108.000     100.000     250.000
    108.000     300.000       0.000
