    180.000     100.000     250.000
    180.000     300.000       0.000
     36.000     100.000     250.000
     36.000     300.000       0.000
    129.000     100.000     250.000
    129.000     300.000       0.000
    105.000     100.000     250.000
    105.000     300.000       0.000
    106.000     100.000     250.000
    106.000     300.000       0.000
    129.000     100.000     250.000
    129.000     300.000       0.000
    172.000     100.000     250.000
    172.000     300.000       0.000
     24.000     100.000     250.000
     24.000     300.000       0.000
