     87.000     100.000     250.000
     87.000     300.000       0.000
      7.000     100.000     250.000
      7.000     300.000       0.000
     39.000     100.000     250.000
     39.000     300.000       0.000
     46.000     100.000     250.000
     46.000     300.000       0.000
    133.000     100.000     250.000
    133.000     300.000       0.000
     81.000     100.000     250.000
     81.000     300.000       0.000
    153.000     100.000     250.000
    153.000     300.000       0.000
     26.000     100.000     250.000
     26.000     300.000       0.000
      8.000     100.000     250.000
      8.000     300.000       0.000
    119.000     100.000     250.000
    119.000     300.000       0.000
