     18.000     100.000     250.000
     18.000     300.000       0.000
     31.000     100.000     250.000
     31.000     300.000       0.000
    162.000     100.000     250.000
    162.000     300.000       0.000
    132.000     100.000     250.000
    132.000     300.000       0.000
      6.000     100.000     250.000
      6.000     300.000       0.000
    159.000     100.000     250.000
    159.000     300.000       0.000
     23.000     100.000     250.000
     23.000     300.000       0.000
    122.000     100.000     250.000
    122.000     300.000       0.000
    130.000     100.000     250.000
    130.000     300.000       0.000
