    109.000     100.000     250.000
    109.000     300.000       0.000
    179.000     100.000     250.000
    179.000     300.000       0.000
     76.000     100.000     250.000
     76.000     300.000       0.000
    100.000     100.000     250.000
    100.000     300.000       0.000
    128.000     100.000     250.000
    128.000     300.000       0.000
    140.000     100.000     250.000
    140.000     300.000       0.000
    170.000     100.000     250.000
    170.000     300.000       0.000
     24.000     100.000     250.000
     24.000     300.000       0.000
