    166.000     100.000     250.000
    166.000     300.000       0.000
    150.000     100.000     250.000
    150.000     300.000       0.000
      1.000     100.000     250.000
      1.000     300.000       0.000
     90.000     100.000     250.000
     90.000     300.000       0.000
    133.000     100.000     250.000
    133.000     300.000       0.000
     21.000     100.000     250.000
     21.000     300.000       0.000
    141.000     100.000     250.000
    141.000     300.000       0.000
     55.000     100.000     250.000
     55.000     300.000       0.000
     80.000     100.000     250.000
     80.000     300.000       0.000
