     58.000     100.000     250.000
     58.000     300.000       0.000
    172.000     100.000     250.000
    172.000     300.000       0.000
     32.000     100.000     250.000
     32.000     300.000       0.000
     78.000     100.000     250.000
     78.000     300.000       0.000
     75.000     100.000     250.000
     75.000     300.000       0.000
     62.000     100.000     250.000
     62.000     300.000       0.000
    101.000     100.000     250.000
    101.000     300.000       0.000
