     45.000     100.000     250.000
     45.000     300.000       0.000
    104.000     100.000     250.000
    104.000     300.000       0.000
     25.000     100.000     250.000
     25.000     300.000       0.000
    128.000     100.000     250.000
    128.000     300.000       0.000
    174.000     100.000     250.000
    174.000     300.000       0.000
      1.000     100.000     250.000
      1.000     300.000       0.000
    137.000     100.000     250.000
    137.000     300.000       0.000
    185.000     100.000     250.000
    185.000     300.000       0.000
    106.000     100.000     250.000
    106.000     300.000       0.000
