     58.000     100.000     250.000
     58.000     300.000       0.000
     64.000     100.000     250.000
     64.000     300.000       0.000
     91.000     100.000     250.000
     91.000     300.000       0.000
     28.000     100.000     250.000
     28.000     300.000       0.000
    165.000     100.000     250.000
    165.000     300.000       0.000
    137.000     100.000     250.000
    137.000     300.000       0.000
    138.000     100.000     250.000
    138.000     300.000       0.000
     35.000     100.000     250.000
     35.000     300.000       0.000
     78.000     100.000     250.000
     78.000     300.000       0.000
