     65.000     100.000     250.000
     65.000     300.000       0.000
    138.000     100.000     250.000
    138.000     300.000       0.000
     78.000     100.000     250.000
     78.000     300.000       0.000
    164.000     100.000     250.000
    164.000     300.000       0.000
     58.000     100.000     250.000
     58.000     300.000       0.000
    116.000     100.000     250.000
    116.000     300.000       0.000
    188.000     100.000     250.000
    188.000     300.000       0.000
    117.000     100.000     250.000
    117.000     300.000       0.000
    138.000     100.000     250.000
    138.000     300.000       0.000
     72.000     100.000     250.000
     72.000     300.000       0.000
