    171.000     100.000     250.000
    171.000     300.000       0.000
    172.000     100.000     250.000
    172.000     300.000       0.000
     28.000     100.000     250.000
     28.000     300.000       0.000
    169.000     100.000     250.000
    169.000     300.000       0.000
    102.000     100.000     250.000
    102.000     300.000       0.000
     46.000     100.000     250.000
     46.000     300.000       0.000
    142.000     100.000     250.000
    142.000     300.000       0.000
