    140.000     100.000     250.000
    140.000     300.000       0.000
     44.000     100.000     250.000
     44.000     300.000       0.000
      4.000     100.000     250.000
      4.000     300.000       0.000
      8.000     100.000     250.000
      8.000     300.000       0.000
    102.000     100.000     250.000
    102.000     300.000       0.000
    122.000     100.000     250.000
    122.000     300.000       0.000
     37.000     100.000     250.000
     37.000     300.000       0.000
    162.000     100.000     250.000
    162.000     300.000       0.000
