     52.000     100.000     250.000
     52.000     300.000       0.000
    143.000     100.000     250.000
    143.000     300.000       0.000
     79.000     100.000     250.000
     79.000     300.000       0.000
     63.000     100.000     250.000
     63.000     300.000       0.000
    164.000     100.000     250.000
    164.000     300.000       0.000
     81.000     100.000     250.000
     81.000     300.000       0.000
     41.000     100.000     250.000
     41.000     300.000       0.000
    134.000     100.000     250.000
    134.000     300.000       0.000
     71.000     100.000     250.000
     71.000     300.000       0.000
