     19.000     100.000     250.000
     19.000     300.000       0.000
     37.000     100.000     250.000
     37.000     300.000       0.000
     51.000     100.000     250.000
     51.000     300.000       0.000
    161.000     100.000     250.000
    161.000     300.000       0.000
     83.000     100.000     250.000
     83.000     300.000       0.000
    149.000     100.000     250.000
    149.000     300.000       0.000
     59.000     100.000     250.000
     59.000     300.000       0.000
    188.000     100.000     250.000
    188.000     300.000       0.000
