     17.000     100.000     250.000
     17.000     300.000       0.000
    128.000     100.000     250.000
    128.000     300.000       0.000
     96.000     100.000     250.000
     96.000     300.000       0.000
    120.000     100.000     250.000
    120.000     300.000       0.000
      8.000     100.000     250.000
      8.000     300.000       0.000
     40.000     100.000     250.000
     40.000     300.000       0.000
    146.000     100.000     250.000
    146.000     300.000       0.000
     54.000     100.000     250.000
     54.000     300.000       0.000
     25.000     100.000     250.000
     25.000     300.000       0.000
