      1.000     100.000     250.000
      1.000     300.000       0.000
      3.000     100.000     250.000
      3.000     300.000       0.000
    176.000     100.000     250.000
    176.000     300.000       0.000
     58.000     100.000     250.000
     58.000     300.000       0.000
    118.000     100.000     250.000
    118.000     300.000       0.000
     10.000     100.000     250.000
     10.000     300.000       0.000
    116.000     100.000     250.000
    116.000     300.000       0.000
    153.000     100.000     250.000
    153.000     300.000       0.000
    182.000     100.000     250.000
    182.000     300.000       0.000
