     28.000     100.000     250.000
     28.000     300.000       0.000
    116.000     100.000     250.000
    116.000     300.000       0.000
    128.000     100.000     250.000
    128.000     300.000       0.000
    116.000     100.000     250.000
    116.000     300.000       0.000
    112.000     100.000     250.000
    112.000     300.000       0.000
     22.000     100.000     250.000
     22.000     300.000       0.000
     11.000     100.000     250.000
     11.000     300.000       0.000
    170.000     100.000     250.000
    170.000     300.000       0.000
