    137.000     100.000     250.000
    137.000     300.000       0.000
     84.000     100.000     250.000
     84.000     300.000       0.000
    106.000     100.000     250.000
    106.000     300.000       0.000
    142.000     100.000     250.000
    142.000     300.000       0.000
     48.000     100.000     250.000
     48.000     300.000       0.000
     60.000     100.000     250.000
     60.000     300.000       0.000
    148.000     100.000     250.000
    148.000     300.000       0.000
      9.000     100.000     250.000
      9.000     300.000       0.000
    120.000     100.000     250.000
    120.000     300.000       0.000
