     16.000     100.000     250.000
     16.000     300.000       0.000
     97.000     100.000     250.000
     97.000     300.000       0.000
     51.000     100.000     250.000
     51.000     300.000       0.000
     87.000     100.000     250.000
     87.000     300.000       0.000
      5.000     100.000     250.000
      5.000     300.000       0.000
    109.000     100.000     250.000
    109.000     300.000       0.000
     32.000     100.000     250.000
     32.000     300.000       0.000
     32.000     100.000     250.000
     32.000     300.000       0.000
    152.000     100.000     250.000
    152.000     300.000       0.000
     91.000     100.000     250.000
     91.000     300.000       0.000
