    143.000     100.000     250.000
    143.000     300.000       0.000
    118.000     100.000     250.000
    118.000     300.000       0.000
     70.000     100.000     250.000
     70.000     300.000       0.000
    134.000     100.000     250.000
    134.000     300.000       0.000
    113.000     100.000     250.000
    113.000     300.000       0.000
     76.000     100.000     250.000
     76.000     300.000       0.000
     98.000     100.000     250.000
     98.000     300.000       0.000
     69.000     100.000     250.000
     69.000     300.000       0.000
    116.000     100.000     250.000
    116.000     300.000       0.000
