    184.000     100.000     250.000
    184.000     300.000       0.000
    102.000     100.000     250.000
    102.000     300.000       0.000
    176.000     100.000     250.000
    176.000     300.000       0.000
    100.000     100.000     250.000
    100.000     300.000       0.000
    185.000     100.000     250.000
    185.000     300.000       0.000
     81.000     100.000     250.000
     81.000     300.000       0.000
     25.000     100.000     250.000
     25.000     300.000       0.000
     42.000     100.000     250.000
     42.000     300.000       0.000
    111.000     100.000     250.000
    111.000     300.000       0.000
    170.000     100.000     250.000
    170.000     300.000       0.000
