     20.000     100.000     250.000
     20.000     300.000       0.000
    111.000     100.000     250.000
    111.000     300.000       0.000
     39.000     100.000     250.000
     39.000     300.000       0.000
    116.000     100.000     250.000
    116.000     300.000       0.000
     94.000     100.000     250.000
     94.000     300.000       0.000
    173.000     100.000     250.000
    173.000     300.000       0.000
    124.000     100.000     250.000
    124.000     300.000       0.000
    177.000     100.000     250.000
    177.000     300.000       0.000
    101.000     100.000     250.000
    101.000     300.000       0.000
