    175.000     100.000     250.000
    175.000     300.000       0.000
    163.000     100.000     250.000
    163.000     300.000       0.000
    181.000     100.000     250.000
    181.000     300.000       0.000
    167.000     100.000     250.000
    167.000     300.000       0.000
    131.000     100.000     250.000
    131.000     300.000       0.000
     71.000     100.000     250.000
     71.000     300.000       0.000
     81.000     100.000     250.000
     81.000     300.000       0.000
    167.000     100.000     250.000
    167.000     300.000       0.000
    106.000     100.000     250.000
    106.000     300.000       0.000
