    119.000     100.000     250.000
    119.000     300.000       0.000
     45.000     100.000     250.000
     45.000     300.000       0.000
    173.000     100.000     250.000
    173.000     300.000       0.000
    141.000     100.000     250.000
    141.000     300.000       0.000
    179.000     100.000     250.000
    179.000     300.000       0.000
    104.000     100.000     250.000
    104.000     300.000       0.000
    136.000     100.000     250.000
    136.000     300.000       0.000
     62.000     100.000     250.000
     62.000     300.000       0.000
     86.000     100.000     250.000
     86.000     300.000       0.000
