     48.000     100.000     250.000
     48.000     300.000       0.000
     79.000     100.000     250.000
     79.000     300.000       0.000
    137.000     100.000     250.000
    137.000     300.000       0.000
      1.000     100.000     250.000
      1.000     300.000       0.000
    138.000     100.000     250.000
    138.000     300.000       0.000
    121.000     100.000     250.000
    121.000     300.000       0.000
    100.000     100.000     250.000
    100.000     300.000       0.000
