     59.000     100.000     250.000
     59.000     300.000       0.000
     47.000     100.000     250.000
     47.000     300.000       0.000
    130.000     100.000     250.000
    130.000     300.000       0.000
     99.000     100.000     250.000
     99.000     300.000       0.000
    113.000     100.000     250.000
    113.000     300.000       0.000
    149.000     100.000     250.000
    149.000     300.000       0.000
     45.000     100.000     250.000
     45.000     300.000       0.000
     60.000     100.000     250.000
     60.000     300.000       0.000
