    124.000     100.000     250.000
    124.000     300.000       0.000
     82.000     100.000     250.000
     82.000     300.000       0.000
    179.000     100.000     250.000
    179.000     300.000       0.000
     67.000     100.000     250.000
     67.000     300.000       0.000
    181.000     100.000     250.000
    181.000     300.000       0.000
    169.000     100.000     250.000
    169.000     300.000       0.000
     22.000     100.000     250.000
     22.000     300.000       0.000
    124.000     100.000     250.000
    124.000     300.000       0.000
