     85.000     100.000     250.000
     85.000     300.000       0.000
    178.000     100.000     250.000
    178.000     300.000       0.000
      5.000     100.000     250.000
      5.000     300.000       0.000
     77.000     100.000     250.000
     77.000     300.000       0.000
    154.000     100.000     250.000
    154.000     300.000       0.000
    184.000     100.000     250.000
    184.000     300.000       0.000
    121.000     100.000     250.000
    121.000     300.000       0.000
     42.000     100.000     250.000
     42.000     300.000       0.000
    101.000     100.000     250.000
    101.000     300.000       0.000
    184.000     100.000     250.000
    184.000     300.000       0.000
