     14.000     100.000     250.000
     14.000     300.000       0.000
      0.000     100.000     250.000
      0.000     300.000       0.000
      3.000     100.000     250.000
      3.000     300.000       0.000
    102.000     100.000     250.000
    102.000     300.000       0.000
     95.000     100.000     250.000
     95.000     300.000       0.000
     11.000     100.000     250.000
     11.000     300.000       0.000
      7.000     100.000     250.000
      7.000     300.000       0.000
