    153.000     100.000     250.000
    153.000     300.000       0.000
    162.000     100.000     250.000
    162.000     300.000       0.000
     73.000     100.000     250.000
     73.000     300.000       0.000
    189.000     100.000     250.000
    189.000     300.000       0.000
    100.000     100.000     250.000
    100.000     300.000       0.000
    170.000     100.000     250.000
    170.000     300.000       0.000
     16.000     100.000     250.000
     16.000     300.000       0.000
     18.000     100.000     250.000
     18.000     300.000       0.000
     50.000     100.000     250.000
     50.000     300.000       0.000
