     88.000     100.000     250.000
     88.000     300.000       0.000
     94.000     100.000     250.000
     94.000     300.000       0.000
    178.000     100.000     250.000
    178.000     300.000       0.000
    142.000     100.000     250.000
    142.000     300.000       0.000
    178.000     100.000     250.000
    178.000     300.000       0.000
     40.000     100.000     250.000
     40.000     300.000       0.000
     16.000     100.000     250.000
     16.000     300.000       0.000
