     35.000     100.000     250.000
     35.000     300.000       0.000
      0.000     100.000     250.000
      0.000     300.000       0.000
    103.000     100.000     250.000
    103.000     300.000       0.000
     75.000     100.000     250.000
     75.000     300.000       0.000
    147.000     100.000     250.000
    147.000     300.000       0.000
    188.000     100.000     250.000
    188.000     300.000       0.000
     82.000     100.000     250.000
     82.000     300.000       0.000
     81.000     100.000     250.000
     81.000     300.000       0.000
