     81.000     100.000     250.000
     81.000     300.000       0.000
     46.000     100.000     250.000
     46.000     300.000       0.000
     26.000     100.000     250.000
     26.000     300.000       0.000
    186.000     100.000     250.000
    186.000     300.000       0.000
     59.000     100.000     250.000
     59.000     300.000       0.000
    187.000     100.000     250.000
    187.000     300.000       0.000
     71.000     100.000     250.000
     71.000     300.000       0.000
    182.000     100.000     250.000
    182.000     300.000       0.000
     82.000     100.000     250.000
     82.000     300.000       0.000
