    148.000     100.000     250.000
    148.000     300.000       0.000
     35.000     100.000     250.000
     35.000     300.000       0.000
     74.000     100.000     250.000
     74.000     300.000       0.000
    182.000     100.000     250.000
    182.000     300.000       0.000
     57.000     100.000     250.000
     57.000     300.000       0.000
    157.000     100.000     250.000
    157.000     300.000       0.000
     56.000     100.000     250.000
     56.000     300.000       0.000
    150.000     100.000     250.000
    150.000     300.000       0.000
    166.000     100.000     250.000
    166.000     300.000       0.000
    123.000     100.000     250.000
    123.000     300.000       0.000
