     52.000     100.000     250.000
     52.000     300.000       0.000
    135.000     100.000     250.000
    135.000     300.000       0.000
     45.000     100.000     250.000
     45.000     300.000       0.000
     21.000     100.000     250.000
     21.000     300.000       0.000
    183.000     100.000     250.000
    183.000     300.000       0.000
    181.000     100.000     250.000
    181.000     300.000       0.000
    180.000     100.000     250.000
    180.000     300.000       0.000
