     56.000     100.000     250.000
     56.000     300.000       0.000
     14.000     100.000     250.000
     14.000     300.000       0.000
     20.000     100.000     250.000
     20.000     300.000       0.000
     76.000     100.000     250.000
     76.000     300.000       0.000
    165.000     100.000     250.000
    165.000     300.000       0.000
    169.000     100.000     250.000
    169.000     300.000       0.000
     99.000     100.000     250.000
     99.000     300.000       0.000
     66.000     100.000     250.000
     66.000     300.000       0.000
