    132.000     100.000     250.000
    132.000     300.000       0.000
     73.000     100.000     250.000
     73.000     300.000       0.000
    175.000     100.000     250.000
    175.000     300.000       0.000
    127.000     100.000     250.000
    127.000     300.000       0.000
     47.000     100.000     250.000
     47.000     300.000       0.000
    141.000     100.000     250.000
    141.000     300.000       0.000
      3.000     100.000     250.000
      3.000     300.000       0.000
    145.000     100.000     250.000
    145.000     300.000       0.000
     72.000     100.000     250.000
     72.000     300.000       0.000
