    130.000     100.000     250.000
    130.000     300.000       0.000
     64.000     100.000     250.000
     64.000     300.000       0.000
    121.000     100.000     250.000
    121.000     300.000       0.000
    178.000     100.000     250.000
    178.000     300.000       0.000
    136.000     100.000     250.000
    136.000     300.000       0.000
    169.000     100.000     250.000
    169.000     300.000       0.000
    108.000     100.000     250.000
    108.000     300.000       0.000
     75.000     100.000     250.000
     75.000     300.000       0.000
     62.000     100.000     250.000
     62.000     300.000       0.000
