     87.000     100.000     250.000
     87.000     300.000       0.000
    110.000     100.000     250.000
    110.000     300.000       0.000
     71.000     100.000     250.000
     71.000     300.000       0.000
    107.000     100.000     250.000
    107.000     300.000       0.000
     30.000     100.000     250.000
     30.000     300.000       0.000
    106.000     100.000     250.000
    106.000     300.000       0.000
    178.000     100.000     250.000
    178.000     300.000       0.000
    184.000     100.000     250.000
    184.000     300.000       0.000
