    142.000     100.000     250.000
    142.000     300.000       0.000
     57.000     100.000     250.000
     57.000     300.000       0.000
    190.000     100.000     250.000
    190.000     300.000       0.000
    106.000     100.000     250.000
    106.000     300.000       0.000
    178.000     100.000     250.000
    178.000     300.000       0.000
     74.000     100.000     250.000
     74.000     300.000       0.000
    142.000     100.000     250.000
    142.000     300.000       0.000
