    190.000     100.000     250.000
    190.000     300.000       0.000
    108.000     100.000     250.000
    108.000     300.000       0.000
    130.000     100.000     250.000
    130.000     300.000       0.000
    138.000     100.000     250.000
    138.000     300.000       0.000
    149.000     100.000     250.000
    149.000     300.000       0.000
    116.000     100.000     250.000
    116.000     300.000       0.000
     69.000     100.000     250.000
     69.000     300.000       0.000
     23.000     100.000     250.000
     23.000     300.000       0.000
