     48.000     100.000     250.000
     48.000     300.000       0.000
     27.000     100.000     250.000
     27.000     300.000       0.000
     63.000     100.000     250.000
     63.000     300.000       0.000
     28.000     100.000     250.000
     28.000     300.000       0.000
    104.000     100.000     250.000
    104.000     300.000       0.000
    152.000     100.000     250.000
    152.000     300.000       0.000
    185.000     100.000     250.000
    185.000     300.000       0.000
