    167.000     100.000     250.000
    167.000     300.000       0.000
    134.000     100.000     250.000
    134.000     300.000       0.000
     74.000     100.000     250.000
     74.000     300.000       0.000
     74.000     100.000     250.000
     74.000     300.000       0.000
    113.000     100.000     250.000
    113.000     300.000       0.000
     46.000     100.000     250.000
     46.000     300.000       0.000
     12.000     100.000     250.000
     12.000     300.000       0.000
