    150.000     100.000     250.000
    150.000     300.000       0.000
     65.000     100.000     250.000
     65.000     300.000       0.000
     42.000     100.000     250.000
     42.000     300.000       0.000
     45.000     100.000     250.000
     45.000     300.000       0.000
    177.000     100.000     250.000
    177.000     300.000       0.000
     11.000     100.000     250.000
     11.000     300.000       0.000
    105.000     100.000     250.000
    105.000     300.000       0.000
