     78.000     100.000     250.000
     78.000     300.000       0.000
     19.000     100.000     250.000
     19.000     300.000       0.000
     16.000     100.000     250.000
     16.000     300.000       0.000
     49.000     100.000     250.000
     49.000     300.000       0.000
     76.000     100.000     250.000
     76.000     300.000       0.000
     38.000     100.000     250.000
     38.000     300.000       0.000
    167.000     100.000     250.000
    167.000     300.000       0.000
     23.000     100.000     250.000
     23.000     300.000       0.000
     76.000     100.000     250.000
     76.000     300.000       0.000
     88.000     100.000     250.000
     88.000     300.000       0.000
