    112.000     100.000     250.000
    112.000     300.000       0.000
     66.000     100.000     250.000
     66.000     300.000       0.000
    113.000     100.000     250.000
    113.000     300.000       0.000
     60.000     100.000     250.000
     60.000     300.000       0.000
     36.000     100.000     250.000
     36.000     300.000       0.000
      0.000     100.000     250.000
      0.000     300.000       0.000
      7.000     100.000     250.000
      7.000     300.000       0.000
