    112.000     100.000     250.000
    112.000     300.000       0.000
     32.000     100.000     250.000
     32.000     300.000       0.000
    124.000     100.000     250.000
    124.000     300.000       0.000
     28.000     100.000     250.000
     28.000     300.000       0.000
    173.000     100.000     250.000
    173.000     300.000       0.000
    133.000     100.000     250.000
    133.000     300.000       0.000
    179.000     100.000     250.000
    179.000     300.000       0.000
