    148.000     100.000     250.000
    148.000     300.000       0.000
    162.000     100.000     250.000
    162.000     300.000       0.000
     21.000     100.000     250.000
     21.000     300.000       0.000
    152.000     100.000     250.000
    152.000     300.000       0.000
    105.000     100.000     250.000
    105.000     300.000       0.000
    183.000     100.000     250.000
    183.000     300.000       0.000
    175.000     100.000     250.000
    175.000     300.000       0.000
      1.000     100.000     250.000
      1.000     300.000       0.000
     25.000     100.000     250.000
     25.000     300.000       0.000
