     10.000     100.000     250.000
     10.000     300.000       0.000
     72.000     100.000     250.000
     72.000     300.000       0.000
     40.000     100.000     250.000
     40.000     300.000       0.000
     16.000     100.000     250.000
     16.000     300.000       0.000
    120.000     100.000     250.000
    120.000     300.000       0.000
    136.000     100.000     250.000
    136.000     300.000       0.000
    138.000     100.000     250.000
    138.000     300.000       0.000
     26.000     100.000     250.000
     26.000     300.000       0.000
     10.000     100.000     250.000
     10.000     300.000       0.000
     53.000     100.000     250.000
     53.000     300.000       0.000
