     28.000     100.000     250.000
     28.000     300.000       0.000
    124.000     100.000     250.000
    124.000     300.000       0.000
    142.000     100.000     250.000
    142.000     300.000       0.000
     36.000     100.000     250.000
     36.000     300.000       0.000
     30.000     100.000     250.000
     30.000     300.000       0.000
     38.000     100.000     250.000
     38.000     300.000       0.000
     58.000     100.000     250.000
     58.000     300.000       0.000
     95.000     100.000     250.000
     95.000     300.000       0.000
    190.000     100.000     250.000
    190.000     300.000       0.000
