     45.000     100.000     250.000
     45.000     300.000       0.000
    117.000     100.000     250.000
    117.000     300.000       0.000
    146.000     100.000     250.000
    146.000     300.000       0.000
     37.000     100.000     250.000
     37.000     300.000       0.000
     64.000     100.000     250.000
     64.000     300.000       0.000
     79.000     100.000     250.000
     79.000     300.000       0.000
     13.000     100.000     250.000
     13.000     300.000       0.000
    189.000     100.000     250.000
    189.000     300.000       0.000
