    149.000     100.000     250.000
    149.000     300.000       0.000
     68.000     100.000     250.000
     68.000     300.000       0.000
     75.000     100.000     250.000
     75.000     300.000       0.000
     16.000     100.000     250.000
     16.000     300.000       0.000
     22.000     100.000     250.000
     22.000     300.000       0.000
     31.000     100.000     250.000
     31.000     300.000       0.000
    108.000     100.000     250.000
    108.000     300.000       0.000
