     52.000     100.000     250.000
     52.000     300.000       0.000
    106.000     100.000     250.000
    106.000     300.000       0.000
    128.000     100.000     250.000
    128.000     300.000       0.000
    102.000     100.000     250.000
    102.000     300.000       0.000
    145.000     100.000     250.000
    145.000     300.000       0.000
     21.000     100.000     250.000
     21.000     300.000       0.000
    162.000     100.000     250.000
    162.000     300.000       0.000
