    122.000     100.000     250.000
    122.000     300.000       0.000
      3.000     100.000     250.000
      3.000     300.000       0.000
    144.000     100.000     250.000
    144.000     300.000       0.000
      6.000     100.000     250.000
      6.000     300.000       0.000
     24.000     100.000     250.000
     24.000     300.000       0.000
    164.000     100.000     250.000
    164.000     300.000       0.000
    107.000     100.000     250.000
    107.000     300.000       0.000
     51.000     100.000     250.000
     51.000     300.000       0.000
     67.000     100.000     250.000
     67.000     300.000       0.000
    156.000     100.000     250.000
    156.000     300.000       0.000
