    129.000     100.000     250.000
    129.000     300.000       0.000
    156.000     100.000     250.000
    156.000     300.000       0.000
     86.000     100.000     250.000
     86.000     300.000       0.000
    128.000     100.000     250.000
    128.000     300.000       0.000
     44.000     100.000     250.000
     44.000     300.000       0.000
    110.000     100.000     250.000
    110.000     300.000       0.000
     97.000     100.000     250.000
     97.000     300.000       0.000
