     98.000     100.000     250.000
     98.000     300.000       0.000
     14.000     100.000     250.000
     14.000     300.000       0.000
     54.000     100.000     250.000
     54.000     300.000       0.000
     12.000     100.000     250.000
     12.000     300.000       0.000
    151.000     100.000     250.000
    151.000     300.000       0.000
    143.000     100.000     250.000
    143.000     300.000       0.000
     23.000     100.000     250.000
     23.000     300.000       0.000
     78.000     100.000     250.000
     78.000     300.000       0.000
