    142.000     100.000     250.000
    142.000     300.000       0.000
      2.000     100.000     250.000
      2.000     300.000       0.000
     24.000     100.000     250.000
     24.000     300.000       0.000
     39.000     100.000     250.000
     39.000     300.000       0.000
    142.000     100.000     250.000
    142.000     300.000       0.000
    147.000     100.000     250.000
    147.000     300.000       0.000
     59.000     100.000     250.000
     59.000     300.000       0.000
    107.000     100.000     250.000
    107.000     300.000       0.000
     26.000     100.000     250.000
     26.000     300.000       0.000
     27.000     100.000     250.000
     27.000     300.000       0.000
