     97.000     100.000     250.000
     97.000     300.000       0.000
    130.000     100.000     250.000
    130.000     300.000       0.000
     55.000     100.000     250.000
     55.000     300.000       0.000
     27.000     100.000     250.000
     27.000     300.000       0.000
    159.000     100.000     250.000
    159.000     300.000       0.000
     92.000     100.000     250.000
     92.000     300.000       0.000
     41.000     100.000     250.000
     41.000     300.000       0.000
