     62.000     100.000     250.000
     62.000     300.000       0.000
    101.000     100.000     250.000
    101.000     300.000       0.000
     31.000     100.000     250.000
     31.000     300.000       0.000
     49.000     100.000     250.000
     49.000     300.000       0.000
     79.000     100.000     250.000
     79.000     300.000       0.000
    173.000     100.000     250.000
    173.000     300.000       0.000
    132.000     100.000     250.000
    132.000     300.000       0.000
      0.000     100.000     250.000
      0.000     300.000       0.000
    158.000     100.000     250.000
    158.000     300.000       0.000
    133.000     100.000     250.000
    133.000     300.000       0.000
