    112.000     100.000     250.000
    112.000     300.000       0.000
     80.000     100.000     250.000
     80.000     300.000       0.000
    163.000     100.000     250.000
    163.000     300.000       0.000
     99.000     100.000     250.000
     99.000     300.000       0.000
     27.000     100.000     250.000
     27.000     300.000       0.000
     49.000     100.000     250.000
     49.000     300.000       0.000
     67.000     100.000     250.000
     67.000     300.000       0.000
     62.000     100.000     250.000
     62.000     300.000       0.000
