     14.000     100.000     250.000
     14.000     300.000       0.000
     46.000     100.000     250.000
     46.000     300.000       0.000
    181.000     100.000     250.000
    181.000     300.000       0.000
    108.000     100.000     250.000
    108.000     300.000       0.000
     23.000     100.000     250.000
     23.000     300.000       0.000
    132.000     100.000     250.000
    132.000     300.000       0.000
     50.000     100.000     250.000
     50.000     300.000       0.000
     43.000     100.000     250.000
     43.000     300.000       0.000
