    153.000     100.000     250.000
    153.000     300.000       0.000
    146.000     100.000     250.000
    146.000     300.000       0.000
    119.000     100.000     250.000
    119.000     300.000       0.000
     48.000     100.000     250.000
     48.000     300.000       0.000
      3.000     100.000     250.000
      3.000     300.000       0.000
    174.000     100.000     250.000
    174.000     300.000       0.000
    173.000     100.000     250.000
    173.000     300.000       0.000
     66.000     100.000     250.000
     66.000     300.000       0.000
    102.000     100.000     250.000
    102.000     300.000       0.000
     45.000     100.000     250.000
     45.000     300.000       0.000
