     40.000     100.000     250.000
     40.000     300.000       0.000
    151.000     100.000     250.000
    151.000     300.000       0.000
    119.000     100.000     250.000
    119.000     300.000       0.000
    145.000     100.000     250.000
    145.000     300.000       0.000
    152.000     100.000     250.000
    152.000     300.000       0.000
    156.000     100.000     250.000
    156.000     300.000       0.000
     20.000     100.000     250.000
     20.000     300.000       0.000
     65.000     100.000     250.000
     65.000     300.000       0.000
