     52.000     100.000     250.000
     52.000     300.000       0.000
    176.000     100.000     250.000
    176.000     300.000       0.000
     43.000     100.000     250.000
     43.000     300.000       0.000
     92.000     100.000     250.000
     92.000     300.000       0.000
    145.000     100.000     250.000
    145.000     300.000       0.000
    106.000     100.000     250.000
    106.000     300.000       0.000
     46.000     100.000     250.000
     46.000     300.000       0.000
     87.000     100.000     250.000
     87.000     300.000       0.000
     76.000     100.000     250.000
     76.000     300.000       0.000
