    110.000     100.000     250.000
    110.000     300.000       0.000
     48.000     100.000     250.000
     48.000     300.000       0.000
     19.000     100.000     250.000
     19.000     300.000       0.000
     30.000     100.000     250.000
     30.000     300.000       0.000
      5.000     100.000     250.000
      5.000     300.000       0.000
     43.000     100.000     250.000
     43.000     300.000       0.000
     96.000     100.000     250.000
     96.000     300.000       0.000
