    183.000     100.000     250.000
    183.000     300.000       0.000
    109.000     100.000     250.000
    109.000     300.000       0.000
     42.000     100.000     250.000
     42.000     300.000       0.000
    184.000     100.000     250.000
    184.000     300.000       0.000
    152.000     100.000     250.000
    152.000     300.000       0.000
    137.000     100.000     250.000
    137.000     300.000       0.000
    190.000     100.000     250.000
    190.000     300.000       0.000
     89.000     100.000     250.000
     89.000     300.000       0.000
    189.000     100.000     250.000
    189.000     300.000       0.000
     87.000     100.000     250.000
     87.000     300.000       0.000
