     23.000     100.000     250.000
     23.000     300.000       0.000
     73.000     100.000     250.000
     73.000     300.000       0.000
     12.000     100.000     250.000
     12.000     300.000       0.000
     43.000     100.000     250.000
     43.000     300.000       0.000
    173.000     100.000     250.000
    173.000     300.000       0.000
    132.000     100.000     250.000
    132.000     300.000       0.000
    128.000     100.000     250.000
    128.000     300.000       0.000
    159.000     100.000     250.000
    159.000     300.000       0.000
