    150.000     100.000     250.000
    150.000     300.000       0.000
    142.000     100.000     250.000
    142.000     300.000       0.000
    107.000     100.000     250.000
    107.000     300.000       0.000
     66.000     100.000     250.000
     66.000     300.000       0.000
    154.000     100.000     250.000
    154.000     300.000       0.000
     10.000     100.000     250.000
     10.000     300.000       0.000
    109.000     100.000     250.000
    109.000     300.000       0.000
    150.000     100.000     250.000
    150.000     300.000       0.000
    137.000     100.000     250.000
    137.000     300.000       0.000
