    136.000     100.000     250.000
    136.000     300.000       0.000
    172.000     100.000     250.000
    172.000     300.000       0.000
    151.000     100.000     250.000
    151.000     300.000       0.000
     27.000     100.000     250.000
     27.000     300.000       0.000
    171.000     100.000     250.000
    171.000     300.000       0.000
     36.000     100.000     250.000
     36.000     300.000       0.000
    155.000     100.000     250.000
    155.000     300.000       0.000
