     98.000     100.000     250.000
     98.000     300.000       0.000
    179.000     100.000     250.000
    179.000     300.000       0.000
     51.000     100.000     250.000
     51.000     300.000       0.000
     93.000     100.000     250.000
     93.000     300.000       0.000
    172.000     100.000     250.000
    172.000     300.000       0.000
    146.000     100.000     250.000
    146.000     300.000       0.000
    152.000     100.000     250.000
    152.000     300.000       0.000
    175.000     100.000     250.000
    175.000     300.000       0.000
     59.000     100.000     250.000
     59.000     300.000       0.000
