     15.000     100.000     250.000
     15.000     300.000       0.000
     29.000     100.000     250.000
     29.000     300.000       0.000
     49.000     100.000     250.000
     49.000     300.000       0.000
    185.000     100.000     250.000
    185.000     300.000       0.000
    138.000     100.000     250.000
    138.000     300.000       0.000
    127.000     100.000     250.000
    127.000     300.000       0.000
    139.000     100.000     250.000
    139.000     300.000       0.000
