    113.000     100.000     250.000
    113.000     300.000       0.000
      3.000     100.000     250.000
      3.000     300.000       0.000
     96.000     100.000     250.000
     96.000     300.000       0.000
    140.000     100.000     250.000
    140.000     300.000       0.000
    156.000     100.000     250.000
    156.000     300.000       0.000
    147.000     100.000     250.000
    147.000     300.000       0.000
     36.000     100.000     250.000
     36.000     300.000       0.000
     92.000     100.000     250.000
     92.000     300.000       0.000
