     72.000     100.000     250.000
     72.000     300.000       0.000
     32.000     100.000     250.000
     32.000     300.000       0.000
      7.000     100.000     250.000
      7.000     300.000       0.000
     38.000     100.000     250.000
     38.000     300.000       0.000
    149.000     100.000     250.000
    149.000     300.000       0.000
    156.000     100.000     250.000
    156.000     300.000       0.000
     70.000     100.000     250.000
     70.000     300.000       0.000
     44.000     100.000     250.000
     44.000     300.000       0.000
