    128.000     100.000     250.000
    128.000     300.000       0.000
     16.000     100.000     250.000
     16.000     300.000       0.000
    101.000     100.000     250.000
    101.000     300.000       0.000
     49.000     100.000     250.000
     49.000     300.000       0.000
     60.000     100.000     250.000
     60.000     300.000       0.000
    167.000     100.000     250.000
    167.000     300.000       0.000
    126.000     100.000     250.000
    126.000     300.000       0.000
    105.000     100.000     250.000
    105.000     300.000       0.000
      7.000     100.000     250.000
      7.000     300.000       0.000
