    126.000     100.000     250.000
    126.000     300.000       0.000
    142.000     100.000     250.000
    142.000     300.000       0.000
     64.000     100.000     250.000
     64.000     300.000       0.000
     42.000     100.000     250.000
     42.000     300.000       0.000
     76.000     100.000     250.000
     76.000     300.000       0.000
    113.000     100.000     250.000
    113.000     300.000       0.000
    141.000     100.000     250.000
    141.000     300.000       0.000
     83.000     100.000     250.000
     83.000     300.000       0.000
