      6.000     100.000     250.000
      6.000     300.000       0.000
     12.000     100.000     250.000
     12.000     300.000       0.000
     62.000     100.000     250.000
     62.000     300.000       0.000
    160.000     100.000     250.000
    160.000     300.000       0.000
    146.000     100.000     250.000
    146.000     300.000       0.000
    146.000     100.000     250.000
    146.000     300.000       0.000
    177.000     100.000     250.000
    177.000     300.000       0.000
     90.000     100.000     250.000
     90.000     300.000       0.000
     70.000     100.000     250.000
     70.000     300.000       0.000
     19.000     100.000     250.000
     19.000     300.000       0.000
