    166.000     100.000     250.000
    166.000     300.000       0.000
    134.000     100.000     250.000
    134.000     300.000       0.000
    135.000     100.000     250.000
    135.000     300.000       0.000
    127.000     100.000     250.000
    127.000     300.000       0.000
     61.000     100.000     250.000
     61.000     300.000       0.000
     82.000     100.000     250.000
     82.000     300.000       0.000
    108.000     100.000     250.000
    108.000     300.000       0.000
