     17.000     100.000     250.000
     17.000     300.000       0.000
    164.000     100.000     250.000
    164.000     300.000       0.000
     66.000     100.000     250.000
     66.000     300.000       0.000
    130.000     100.000     250.000
    130.000     300.000       0.000
    179.000     100.000     250.000
    179.000     300.000       0.000
    163.000     100.000     250.000
    163.000     300.000       0.000
    102.000     100.000     250.000
    102.000     300.000       0.000
     49.000     100.000     250.000
     49.000     300.000       0.000
