     24.000     100.000     250.000
     24.000     300.000       0.000
     80.000     100.000     250.000
     80.000     300.000       0.000
    105.000     100.000     250.000
    105.000     300.000       0.000
     25.000     100.000     250.000
     25.000     300.000       0.000
     22.000     100.000     250.000
     22.000     300.000       0.000
    148.000     100.000     250.000
    148.000     300.000       0.000
     48.000     100.000     250.000
     48.000     300.000       0.000
     65.000     100.000     250.000
     65.000     300.000       0.000
