     37.000     100.000     250.000
     37.000     300.000       0.000
     59.000     100.000     250.000
     59.000     300.000       0.000
    142.000     100.000     250.000
    142.000     300.000       0.000
    175.000     100.000     250.000
    175.000     300.000       0.000
    104.000     100.000     250.000
    104.000     300.000       0.000
    168.000     100.000     250.000
    168.000     300.000       0.000
    126.000     100.000     250.000
    126.000     300.000       0.000
     48.000     100.000     250.000
     48.000     300.000       0.000
