    146.000     100.000     250.000
    146.000     300.000       0.000
     71.000     100.000     250.000
     71.000     300.000       0.000
    106.000     100.000     250.000
    106.000     300.000       0.000
    182.000     100.000     250.000
    182.000     300.000       0.000
    107.000     100.000     250.000
    107.000     300.000       0.000
    121.000     100.000     250.000
    121.000     300.000       0.000
     53.000     100.000     250.000
     53.000     300.000       0.000
    112.000     100.000     250.000
    112.000     300.000       0.000
     96.000     100.000     250.000
     96.000     300.000       0.000
     97.000     100.000     250.000
     97.000     300.000       0.000
