     79.000     100.000     250.000
     79.000     300.000       0.000
     74.000     100.000     250.000
     74.000     300.000       0.000
     26.000     100.000     250.000
     26.000     300.000       0.000
     39.000     100.000     250.000
     39.000     300.000       0.000
     30.000     100.000     250.000
     30.000     300.000       0.000
     89.000     100.000     250.000
     89.000     300.000       0.000
    143.000     100.000     250.000
    143.000     300.000       0.000
