      1.000     100.000     250.000
      1.000     300.000       0.000
     37.000     100.000     250.000
     37.000     300.000       0.000
     33.000     100.000     250.000
     33.000     300.000       0.000
     14.000     100.000     250.000
     14.000     300.000       0.000
     36.000     100.000     250.000
     36.000     300.000       0.000
     44.000     100.000     250.000
     44.000     300.000       0.000
    167.000     100.000     250.000
    167.000     300.000       0.000
    144.000     100.000     250.000
    144.000     300.000       0.000
    167.000     100.000     250.000
    167.000     300.000       0.000
