    153.000     100.000     250.000
    153.000     300.000       0.000
    134.000     100.000     250.000
    134.000     300.000       0.000
     15.000     100.000     250.000
     15.000     300.000       0.000
    125.000     100.000     250.000
    125.000     300.000       0.000
     80.000     100.000     250.000
     80.000     300.000       0.000
    173.000     100.000     250.000
    173.000     300.000       0.000
     46.000     100.000     250.000
     46.000     300.000       0.000
