    101.000     100.000     250.000
    101.000     300.000       0.000
     11.000     100.000     250.000
     11.000     300.000       0.000
    178.000     100.000     250.000
    178.000     300.000       0.000
    179.000     100.000     250.000
    179.000     300.000       0.000
     40.000     100.000     250.000
     40.000     300.000       0.000
     10.000     100.000     250.000
     10.000     300.000       0.000
    162.000     100.000     250.000
    162.000     300.000       0.000
    180.000     100.000     250.000
    180.000     300.000       0.000
