    111.000     100.000     250.000
    111.000     300.000       0.000
    122.000     100.000     250.000
    122.000     300.000       0.000
     22.000     100.000     250.000
     22.000     300.000       0.000
    123.000     100.000     250.000
    123.000     300.000       0.000
     52.000     100.000     250.000
     52.000     300.000       0.000
      5.000     100.000     250.000
      5.000     300.000       0.000
     30.000     100.000     250.000
     30.000     300.000       0.000
