    102.000     100.000     250.000
    102.000     300.000       0.000
    122.000     100.000     250.000
    122.000     300.000       0.000
     35.000     100.000     250.000
     35.000     300.000       0.000
    103.000     100.000     250.000
    103.000     300.000       0.000
    152.000     100.000     250.000
    152.000     300.000       0.000
    113.000     100.000     250.000
    113.000     300.000       0.000
    188.000     100.000     250.000
    188.000     300.000       0.000
