    186.000     100.000     250.000
    186.000     300.000       0.000
     58.000     100.000     250.000
     58.000     300.000       0.000
     46.000     100.000     250.000
     46.000     300.000       0.000
    115.000     100.000     250.000
    115.000     300.000       0.000
    128.000     100.000     250.000
    128.000     300.000       0.000
     96.000     100.000     250.000
     96.000     300.000       0.000
     75.000     100.000     250.000
     75.000     300.000       0.000
    170.000     100.000     250.000
    170.000     300.000       0.000
