    185.000     100.000     250.000
    185.000     300.000       0.000
     69.000     100.000     250.000
     69.000     300.000       0.000
    121.000     100.000     250.000
    121.000     300.000       0.000
    113.000     100.000     250.000
    113.000     300.000       0.000
     80.000     100.000     250.000
     80.000     300.000       0.000
     62.000     100.000     250.000
     62.000     300.000       0.000
     97.000     100.000     250.000
     97.000     300.000       0.000
    187.000     100.000     250.000
    187.000     300.000       0.000
