    178.000     100.000     250.000
    178.000     300.000       0.000
     59.000     100.000     250.000
     59.000     300.000       0.000
     50.000     100.000     250.000
     50.000     300.000       0.000
     69.000     100.000     250.000
     69.000     300.000       0.000
     36.000     100.000     250.000
     36.000     300.000       0.000
     15.000     100.000     250.000
     15.000     300.000       0.000
    106.000     100.000     250.000
    106.000     300.000       0.000
    105.000     100.000     250.000
    105.000     300.000       0.000
     88.000     100.000     250.000
     88.000     300.000       0.000
