    111.000     100.000     250.000
    111.000     300.000       0.000
    177.000     100.000     250.000
    177.000     300.000       0.000
     62.000     100.000     250.000
     62.000     300.000       0.000
    109.000     100.000     250.000
    109.000     300.000       0.000
     31.000     100.000     250.000
     31.000     300.000       0.000
    144.000     100.000     250.000
    144.000     300.000       0.000
    188.000     100.000     250.000
    188.000     300.000       0.000
