     43.000     100.000     250.000
     43.000     300.000       0.000
     26.000     100.000     250.000
     26.000     300.000       0.000
     33.000     100.000     250.000
     33.000     300.000       0.000
      6.000     100.000     250.000
      6.000     300.000       0.000
     90.000     100.000     250.000
     90.000     300.000       0.000
      4.000     100.000     250.000
      4.000     300.000       0.000
    126.000     100.000     250.000
    126.000     300.000       0.000
    145.000     100.000     250.000
    145.000     300.000       0.000
