     41.000     100.000     250.000
     41.000     300.000       0.000
    142.000     100.000     250.000
    142.000     300.000       0.000
    131.000     100.000     250.000
    131.000     300.000       0.000
    178.000     100.000     250.000
    178.000     300.000       0.000
     57.000     100.000     250.000
     57.000     300.000       0.000
    165.000     100.000     250.000
    165.000     300.000       0.000
      8.000     100.000     250.000
      8.000     300.000       0.000
     64.000     100.000     250.000
     64.000     300.000       0.000
