    135.000     100.000     250.000
    135.000     300.000       0.000
    141.000     100.000     250.000
    141.000     300.000       0.000
    125.000     100.000     250.000
    125.000     300.000       0.000
     59.000     100.000     250.000
     59.000     300.000       0.000
    177.000     100.000     250.000
    177.000     300.000       0.000
      3.000     100.000     250.000
      3.000     300.000       0.000
    166.000     100.000     250.000
    166.000     300.000       0.000
