     85.000     100.000     250.000
     85.000     300.000       0.000
     41.000     100.000     250.000
     41.000     300.000       0.000
    141.000     100.000     250.000
    141.000     300.000       0.000
    182.000     100.000     250.000
    182.000     300.000       0.000
    122.000     100.000     250.000
    122.000     300.000       0.000
    168.000     100.000     250.000
    168.000     300.000       0.000
     97.000     100.000     250.000
     97.000     300.000       0.000
     93.000     100.000     250.000
     93.000     300.000       0.000
    104.000     100.000     250.000
    104.000     300.000       0.000
     66.000     100.000     250.000
     66.000     300.000       0.000
