     24.000     100.000     250.000
     24.000     300.000       0.000
    139.000     100.000     250.000
    139.000     300.000       0.000
    106.000     100.000     250.000
    106.000     300.000       0.000
    120.000     100.000     250.000
    120.000     300.000       0.000
      3.000     100.000     250.000
      3.000     300.000       0.000
     23.000     100.000     250.000
     23.000     300.000       0.000
    170.000     100.000     250.000
    170.000     300.000       0.000
    102.000     100.000     250.000
    102.000     300.000       0.000
