     50.000     100.000     250.000
     50.000     300.000       0.000
     42.000     100.000     250.000
     42.000     300.000       0.000
    145.000     100.000     250.000
    145.000     300.000       0.000
     47.000     100.000     250.000
     47.000     300.000       0.000
     47.000     100.000     250.000
     47.000     300.000       0.000
     15.000     100.000     250.000
     15.000     300.000       0.000
     35.000     100.000     250.000
     35.000     300.000       0.000
