    165.000     100.000     250.000
    165.000     300.000       0.000
    136.000     100.000     250.000
    136.000     300.000       0.000
    190.000     100.000     250.000
    190.000     300.000       0.000
    149.000     100.000     250.000
    149.000     300.000       0.000
    187.000     100.000     250.000
    187.000     300.000       0.000
     71.000     100.000     250.000
     71.000     300.000       0.000
     98.000     100.000     250.000
     98.000     300.000       0.000
    120.000     100.000     250.000
    120.000     300.000       0.000
    149.000     100.000     250.000
    149.000     300.000       0.000
     26.000     100.000     250.000
     26.000     300.000       0.000
