     97.000     100.000     250.000
     97.000     300.000       0.000
     59.000     100.000     250.000
     59.000     300.000       0.000
    145.000     100.000     250.000
    145.000     300.000       0.000
     53.000     100.000     250.000
     53.000     300.000       0.000
    171.000     100.000     250.000
    171.000     300.000       0.000
    123.000     100.000     250.000
    123.000     300.000       0.000
     19.000     100.000     250.000
     19.000     300.000       0.000
     36.000     100.000     250.000
     36.000     300.000       0.000
    150.000     100.000     250.000
    150.000     300.000       0.000
    120.000     100.000     250.000
    120.000     300.000       0.000
