    108.000     100.000     250.000
    108.000     300.000       0.000
     71.000     100.000     250.000
     71.000     300.000       0.000
    137.000     100.000     250.000
    137.000     300.000       0.000
    152.000     100.000     250.000
    152.000     300.000       0.000
    138.000     100.000     250.000
    138.000     300.000       0.000
     12.000     100.000     250.000
     12.000     300.000       0.000
     33.000     100.000     250.000
     33.000     300.000       0.000
     27.000     100.000     250.000
     27.000     300.000       0.000
