    145.000     100.000     250.000
    145.000     300.000       0.000
     38.000     100.000     250.000
     38.000     300.000       0.000
     72.000     100.000     250.000
     72.000     300.000       0.000
     60.000     100.000     250.000
     60.000     300.000       0.000
     95.000     100.000     250.000
     95.000     300.000       0.000
     56.000     100.000     250.000
     56.000     300.000       0.000
     43.000     100.000     250.000
     43.000     300.000       0.000
