     37.000     100.000     250.000
     37.000     300.000       0.000
    191.000     100.000     250.000
    191.000     300.000       0.000
    137.000     100.000     250.000
    137.000     300.000       0.000
    177.000     100.000     250.000
    177.000     300.000       0.000
    141.000     100.000     250.000
    141.000     300.000       0.000
     84.000     100.000     250.000
     84.000     300.000       0.000
     64.000     100.000     250.000
     64.000     300.000       0.000
     62.000     100.000     250.000
     62.000     300.000       0.000
    169.000     100.000     250.000
    169.000     300.000       0.000
