    100.000     100.000     250.000
    100.000     300.000       0.000
    125.000     100.000     250.000
    125.000     300.000       0.000
     83.000     100.000     250.000
     83.000     300.000       0.000
    159.000     100.000     250.000
    159.000     300.000       0.000
     95.000     100.000     250.000
     95.000     300.000       0.000
    178.000     100.000     250.000
    178.000     300.000       0.000
     82.000     100.000     250.000
     82.000     300.000       0.000
