     66.000     100.000     250.000
     66.000     300.000       0.000
    129.000     100.000     250.000
    129.000     300.000       0.000
     98.000     100.000     250.000
     98.000     300.000       0.000
     82.000     100.000     250.000
     82.000     300.000       0.000
    154.000     100.000     250.000
    154.000     300.000       0.000
     39.000     100.000     250.000
     39.000     300.000       0.000
    163.000     100.000     250.000
    163.000     300.000       0.000
     62.000     100.000     250.000
     62.000     300.000       0.000
    147.000     100.000     250.000
    147.000     300.000       0.000
     17.000     100.000     250.000
     17.000     300.000       0.000
