     90.000     100.000     250.000
     90.000     300.000       0.000
    112.000     100.000     250.000
    112.000     300.000       0.000
    190.000     100.000     250.000
    190.000     300.000       0.000
     89.000     100.000     250.000
     89.000     300.000       0.000
    110.000     100.000     250.000
    110.000     300.000       0.000
     26.000     100.000     250.000
     26.000     300.000       0.000
    140.000     100.000     250.000
    140.000     300.000       0.000
    145.000     100.000     250.000
    145.000     300.000       0.000
     11.000     100.000     250.000
     11.000     300.000       0.000
