     94.000     100.000     250.000
     94.000     300.000       0.000
    171.000     100.000     250.000
    171.000     300.000       0.000
     89.000     100.000     250.000
     89.000     300.000       0.000
     34.000     100.000     250.000
     34.000     300.000       0.000
      1.000     100.000     250.000
      1.000     300.000       0.000
    133.000     100.000     250.000
    133.000     300.000       0.000
     50.000     100.000     250.000
     50.000     300.000       0.000
     25.000     100.000     250.000
     25.000     300.000       0.000
     25.000     100.000     250.000
     25.000     300.000       0.000
