     38.000     100.000     250.000
     38.000     300.000       0.000
    116.000     100.000     250.000
    116.000     300.000       0.000
    160.000     100.000     250.000
    160.000     300.000       0.000
    162.000     100.000     250.000
    162.000     300.000       0.000
    124.000     100.000     250.000
    124.000     300.000       0.000
    187.000     100.000     250.000
    187.000     300.000       0.000
    159.000     100.000     250.000
    159.000     300.000       0.000
