    123.000     100.000     250.000
    123.000     300.000       0.000
     21.000     100.000     250.000
     21.000     300.000       0.000
     82.000     100.000     250.000
     82.000     300.000       0.000
     31.000     100.000     250.000
     31.000     300.000       0.000
    162.000     100.000     250.000
    162.000     300.000       0.000
     77.000     100.000     250.000
     77.000     300.000       0.000
    151.000     100.000     250.000
    151.000     300.000       0.000
    161.000     100.000     250.000
    161.000     300.000       0.000
    171.000     100.000     250.000
    171.000     300.000       0.000
