     61.000     100.000     250.000
     61.000     300.000       0.000
      7.000     100.000     250.000
      7.000     300.000       0.000
     51.000     100.000     250.000
     51.000     300.000       0.000
    163.000     100.000     250.000
    163.000     300.000       0.000
    104.000     100.000     250.000
    104.000     300.000       0.000
     28.000     100.000     250.000
     28.000     300.000       0.000
     45.000     100.000     250.000
     45.000     300.000       0.000
     19.000     100.000     250.000
     19.000     300.000       0.000
     74.000     100.000     250.000
     74.000     300.000       0.000
