     93.000     100.000     250.000
     93.000     300.000       0.000
     92.000     100.000     250.000
     92.000     300.000       0.000
    177.000     100.000     250.000
    177.000     300.000       0.000
    184.000     100.000     250.000
    184.000     300.000       0.000
     44.000     100.000     250.000
     44.000     300.000       0.000
    164.000     100.000     250.000
    164.000     300.000       0.000
    152.000     100.000     250.000
    152.000     300.000       0.000
