    165.000     100.000     250.000
    165.000     300.000       0.000
     81.000     100.000     250.000
     81.000     300.000       0.000
     71.000     100.000     250.000
     71.000     300.000       0.000
    179.000     100.000     250.000
    179.000     300.000       0.000
     79.000     100.000     250.000
     79.000     300.000       0.000
     15.000     100.000     250.000
     15.000     300.000       0.000
     41.000     100.000     250.000
     41.000     300.000       0.000
     93.000     100.000     250.000
     93.000     300.000       0.000
    152.000     100.000     250.000
    152.000     300.000       0.000
