    184.000     100.000     250.000
    184.000     300.000       0.000
     11.000     100.000     250.000
     11.000     300.000       0.000
    118.000     100.000     250.000
    118.000     300.000       0.000
    126.000     100.000     250.000
    126.000     300.000       0.000
     11.000     100.000     250.000
     11.000     300.000       0.000
     85.000     100.000     250.000
     85.000     300.000       0.000
     95.000     100.000     250.000
     95.000     300.000       0.000
     92.000     100.000     250.000
     92.000     300.000       0.000
