     11.000     100.000     250.000
     11.000     300.000       0.000
     56.000     100.000     250.000
     56.000     300.000       0.000
     36.000     100.000     250.000
     36.000     300.000       0.000
    158.000     100.000     250.000
    158.000     300.000       0.000
     85.000     100.000     250.000
     85.000     300.000       0.000
     69.000     100.000     250.000
     69.000     300.000       0.000
    153.000     100.000     250.000
    153.000     300.000       0.000
     20.000     100.000     250.000
     20.000     300.000       0.000
    153.000     100.000     250.000
    153.000     300.000       0.000
    123.000     100.000     250.000
    123.000     300.000       0.000
