     12.000     100.000     250.000
     12.000     300.000       0.000
    107.000     100.000     250.000
    107.000     300.000       0.000
     71.000     100.000     250.000
     71.000     300.000       0.000
    153.000     100.000     250.000
    153.000     300.000       0.000
     90.000     100.000     250.000
     90.000     300.000       0.000
     53.000     100.000     250.000
     53.000     300.000       0.000
     57.000     100.000     250.000
     57.000     300.000       0.000
     76.000     100.000     250.000
     76.000     300.000       0.000
