     31.000     100.000     250.000
     31.000     300.000       0.000
    106.000     100.000     250.000
    106.000     300.000       0.000
     53.000     100.000     250.000
     53.000     300.000       0.000
    161.000     100.000     250.000
    161.000     300.000       0.000
     34.000     100.000     250.000
     34.000     300.000       0.000
      1.000     100.000     250.000
      1.000     300.000       0.000
     30.000     100.000     250.000
     30.000     300.000       0.000
     44.000     100.000     250.000
     44.000     300.000       0.000
