    150.000     100.000     250.000
    150.000     300.000       0.000
     40.000     100.000     250.000
     40.000     300.000       0.000
     18.000     100.000     250.000
     18.000     300.000       0.000
     29.000     100.000     250.000
     29.000     300.000       0.000
    133.000     100.000     250.000
    133.000     300.000       0.000
     66.000     100.000     250.000
     66.000     300.000       0.000
     45.000     100.000     250.000
     45.000     300.000       0.000
     23.000     100.000     250.000
     23.000     300.000       0.000
