     35.000     100.000     250.000
     35.000     300.000       0.000
    158.000     100.000     250.000
    158.000     300.000       0.000
    184.000     100.000     250.000
    184.000     300.000       0.000
    168.000     100.000     250.000
    168.000     300.000       0.000
     36.000     100.000     250.000
     36.000     300.000       0.000
    170.000     100.000     250.000
    170.000     300.000       0.000
     20.000     100.000     250.000
     20.000     300.000       0.000
     22.000     100.000     250.000
     22.000     300.000       0.000
