     75.000     100.000     250.000
     75.000     300.000       0.000
    109.000     100.000     250.000
    109.000     300.000       0.000
    184.000     100.000     250.000
    184.000     300.000       0.000
     75.000     100.000     250.000
     75.000     300.000       0.000
    151.000     100.000     250.000
    151.000     300.000       0.000
    133.000     100.000     250.000
    133.000     300.000       0.000
     37.000     100.000     250.000
     37.000     300.000       0.000
    188.000     100.000     250.000
    188.000     300.000       0.000
    168.000     100.000     250.000
    168.000     300.000       0.000
     53.000     100.000     250.000
     53.000     300.000       0.000
