    119.000     100.000     250.000
    119.000     300.000       0.000
     94.000     100.000     250.000
     94.000     300.000       0.000
    157.000     100.000     250.000
    157.000     300.000       0.000
    188.000     100.000     250.000
    188.000     300.000       0.000
      5.000     100.000     250.000
      5.000     300.000       0.000
      4.000     100.000     250.000
      4.000     300.000       0.000
     37.000     100.000     250.000
     37.000     300.000       0.000
     33.000     100.000     250.000
     33.000     300.000       0.000
    148.000     100.000     250.000
    148.000     300.000       0.000
     81.000     100.000     250.000
     81.000     300.000       0.000
