    118.000     100.000     250.000
    118.000     300.000       0.000
     20.000     100.000     250.000
     20.000     300.000       0.000
    157.000     100.000     250.000
    157.000     300.000       0.000
     72.000     100.000     250.000
     72.000     300.000       0.000
    105.000     100.000     250.000
    105.000     300.000       0.000
    143.000     100.000     250.000
    143.000     300.000       0.000
    162.000     100.000     250.000
    162.000     300.000       0.000
    113.000     100.000     250.000
    113.000     300.000       0.000
     21.000     100.000     250.000
     21.000     300.000       0.000
