    107.000     100.000     250.000
    107.000     300.000       0.000
    113.000     100.000     250.000
    113.000     300.000       0.000
    145.000     100.000     250.000
    145.000     300.000       0.000
    100.000     100.000     250.000
    100.000     300.000       0.000
    191.000     100.000     250.000
    191.000     300.000       0.000
     60.000     100.000     250.000
     60.000     300.000       0.000
    136.000     100.000     250.000
    136.000     300.000       0.000
