     53.000     100.000     250.000
     53.000     300.000       0.000
     21.000     100.000     250.000
     21.000     300.000       0.000
     64.000     100.000     250.000
     64.000     300.000       0.000
    134.000     100.000     250.000
    134.000     300.000       0.000
     38.000     100.000     250.000
     38.000     300.000       0.000
     71.000     100.000     250.000
     71.000     300.000       0.000
     53.000     100.000     250.000
     53.000     300.000       0.000
