     99.000     100.000     250.000
     99.000     300.000       0.000
    154.000     100.000     250.000
    154.000     300.000       0.000
     24.000     100.000     250.000
     24.000     300.000       0.000
     47.000     100.000     250.000
     47.000     300.000       0.000
     50.000     100.000     250.000
     50.000     300.000       0.000
    163.000     100.000     250.000
    163.000     300.000       0.000
     17.000     100.000     250.000
     17.000     300.000       0.000
     74.000     100.000     250.000
     74.000     300.000       0.000
     26.000     100.000     250.000
     26.000     300.000       0.000
     38.000     100.000     250.000
     38.000     300.000       0.000
