    133.000     100.000     250.000
    133.000     300.000       0.000
     79.000     100.000     250.000
     79.000     300.000       0.000
    106.000     100.000     250.000
    106.000     300.000       0.000
     21.000     100.000     250.000
     21.000     300.000       0.000
     27.000     100.000     250.000
     27.000     300.000       0.000
    108.000     100.000     250.000
    108.000     300.000       0.000
     34.000     100.000     250.000
     34.000     300.000       0.000
     35.000     100.000     250.000
     35.000     300.000       0.000
    137.000     100.000     250.000
    137.000     300.000       0.000
     73.000     100.000     250.000
     73.000     300.000       0.000
