    135.000     100.000     250.000
    135.000     300.000       0.000
    142.000     100.000     250.000
    142.000     300.000       0.000
    171.000     100.000     250.000
    171.000     300.000       0.000
     18.000     100.000     250.000
     18.000     300.000       0.000
     90.000     100.000     250.000
     90.000     300.000       0.000
     83.000     100.000     250.000
     83.000     300.000       0.000
    172.000     100.000     250.000
    172.000     300.000       0.000
     70.000     100.000     250.000
     70.000     300.000       0.000
    127.000     100.000     250.000
    127.000     300.000       0.000
    152.000     100.000     250.000
    152.000     300.000       0.000
