     66.000     100.000     250.000
     66.000     300.000       0.000
    178.000     100.000     250.000
    178.000     300.000       0.000
    183.000     100.000     250.000
    183.000     300.000       0.000
     46.000     100.000     250.000
     46.000     300.000       0.000
     68.000     100.000     250.000
     68.000     300.000       0.000
     72.000     100.000     250.000
     72.000     300.000       0.000
    114.000     100.000     250.000
    114.000     300.000       0.000
