     94.000     100.000     250.000
     94.000     300.000       0.000
    137.000     100.000     250.000
    137.000     300.000       0.000
     39.000     100.000     250.000
     39.000     300.000       0.000
    167.000     100.000     250.000
    167.000     300.000       0.000
    166.000     100.000     250.000
    166.000     300.000       0.000
     69.000     100.000     250.000
     69.000     300.000       0.000
    164.000     100.000     250.000
    164.000     300.000       0.000
    157.000     100.000     250.000
    157.000     300.000       0.000
    137.000     100.000     250.000
    137.000     300.000       0.000
