    174.000     100.000     250.000
    174.000     300.000       0.000
    135.000     100.000     250.000
    135.000     300.000       0.000
    105.000     100.000     250.000
    105.000     300.000       0.000
     47.000     100.000     250.000
     47.000     300.000       0.000
     72.000     100.000     250.000
     72.000     300.000       0.000
     50.000     100.000     250.000
     50.000     300.000       0.000
     74.000     100.000     250.000
     74.000     300.000       0.000
     86.000     100.000     250.000
     86.000     300.000       0.000
     51.000     100.000     250.000
     51.000     300.000       0.000
     52.000     100.000     250.000
     52.000     300.000       0.000
