     22.000     100.000     250.000
     22.000     300.000       0.000
     61.000     100.000     250.000
     61.000     300.000       0.000
     19.000     100.000     250.000
     19.000     300.000       0.000
     97.000     100.000     250.000
     97.000     300.000       0.000
     24.000     100.000     250.000
     24.000     300.000       0.000
     97.000     100.000     250.000
     97.000     300.000       0.000
    143.000     100.000     250.000
    143.000     300.000       0.000
