     36.000     100.000     250.000
     36.000     300.000       0.000
     26.000     100.000     250.000
     26.000     300.000       0.000
    171.000     100.000     250.000
    171.000     300.000       0.000
    133.000     100.000     250.000
    133.000     300.000       0.000
     86.000     100.000     250.000
     86.000     300.000       0.000
    103.000     100.000     250.000
    103.000     300.000       0.000
    179.000     100.000     250.000
    179.000     300.000       0.000
     69.000     100.000     250.000
     69.000     300.000       0.000
