     85.000     100.000     250.000
     85.000     300.000       0.000
    151.000     100.000     250.000
    151.000     300.000       0.000
      7.000     100.000     250.000
      7.000     300.000       0.000
      6.000     100.000     250.000
      6.000     300.000       0.000
     10.000     100.000     250.000
     10.000     300.000       0.000
     59.000     100.000     250.000
     59.000     300.000       0.000
     74.000     100.000     250.000
     74.000     300.000       0.000
     90.000     100.000     250.000
     90.000     300.000       0.000
