    125.000     100.000     250.000
    125.000     300.000       0.000
      9.000     100.000     250.000
      9.000     300.000       0.000
     45.000     100.000     250.000
     45.000     300.000       0.000
     72.000     100.000     250.000
     72.000     300.000       0.000
    186.000     100.000     250.000
    186.000     300.000       0.000
     60.000     100.000     250.000
     60.000     300.000       0.000
    169.000     100.000     250.000
    169.000     300.000       0.000
