    115.000     100.000     250.000
    115.000     300.000       0.000
    143.000     100.000     250.000
    143.000     300.000       0.000
     66.000     100.000     250.000
     66.000     300.000       0.000
     86.000     100.000     250.000
     86.000     300.000       0.000
    168.000     100.000     250.000
    168.000     300.000       0.000
      5.000     100.000     250.000
      5.000     300.000       0.000
      6.000     100.000     250.000
      6.000     300.000       0.000
     13.000     100.000     250.000
     13.000     300.000       0.000
    115.000     100.000     250.000
    115.000     300.000       0.000
