    134.000     100.000     250.000
    134.000     300.000       0.000
    147.000     100.000     250.000
    147.000     300.000       0.000
    134.000     100.000     250.000
    134.000     300.000       0.000
     60.000     100.000     250.000
     60.000     300.000       0.000
    149.000     100.000     250.000
    149.000     300.000       0.000
     19.000     100.000     250.000
     19.000     300.000       0.000
    159.000     100.000     250.000
    159.000     300.000       0.000
    121.000     100.000     250.000
    121.000     300.000       0.000
    120.000     100.000     250.000
    120.000     300.000       0.000
     81.000     100.000     250.000
     81.000     300.000       0.000
