    164.000     100.000     250.000
    164.000     300.000       0.000
    155.000     100.000     250.000
    155.000     300.000       0.000
    115.000     100.000     250.000
    115.000     300.000       0.000
    123.000     100.000     250.000
    123.000     300.000       0.000
    183.000     100.000     250.000
    183.000     300.000       0.000
     92.000     100.000     250.000
     92.000     300.000       0.000
    179.000     100.000     250.000
    179.000     300.000       0.000
     77.000     100.000     250.000
     77.000     300.000       0.000
