     95.000     100.000     250.000
     95.000     300.000       0.000
    114.000     100.000     250.000
    114.000     300.000       0.000
     74.000     100.000     250.000
     74.000     300.000       0.000
    109.000     100.000     250.000
    109.000     300.000       0.000
    147.000     100.000     250.000
    147.000     300.000       0.000
    170.000     100.000     250.000
    170.000     300.000       0.000
     82.000     100.000     250.000
     82.000     300.000       0.000
