     32.000     100.000     250.000
     32.000     300.000       0.000
    179.000     100.000     250.000
    179.000     300.000       0.000
    131.000     100.000     250.000
    131.000     300.000       0.000
     84.000     100.000     250.000
     84.000     300.000       0.000
    134.000     100.000     250.000
    134.000     300.000       0.000
    154.000     100.000     250.000
    154.000     300.000       0.000
     40.000     100.000     250.000
     40.000     300.000       0.000
    163.000     100.000     250.000
    163.000     300.000       0.000
     73.000     100.000     250.000
     73.000     300.000       0.000
