     15.000     100.000     250.000
     15.000     300.000       0.000
    177.000     100.000     250.000
    177.000     300.000       0.000
    161.000     100.000     250.000
    161.000     300.000       0.000
     87.000     100.000     250.000
     87.000     300.000       0.000
    190.000     100.000     250.000
    190.000     300.000       0.000
     22.000     100.000     250.000
     22.000     300.000       0.000
     36.000     100.000     250.000
     36.000     300.000       0.000
     67.000     100.000     250.000
     67.000     300.000       0.000
     71.000     100.000     250.000
     71.000     300.000       0.000
