    171.000     100.000     250.000
    171.000     300.000       0.000
     77.000     100.000     250.000
     77.000     300.000       0.000
     75.000     100.000     250.000
     75.000     300.000       0.000
     77.000     100.000     250.000
     77.000     300.000       0.000
     78.000     100.000     250.000
     78.000     300.000       0.000
     39.000     100.000     250.000
     39.000     300.000       0.000
    122.000     100.000     250.000
    122.000     300.000       0.000
