     84.000     100.000     250.000
     84.000     300.000       0.000
    155.000     100.000     250.000
    155.000     300.000       0.000
    144.000     100.000     250.000
    144.000     300.000       0.000
    186.000     100.000     250.000
    186.000     300.000       0.000
     36.000     100.000     250.000
     36.000     300.000       0.000
     86.000     100.000     250.000
     86.000     300.000       0.000
     33.000     100.000     250.000
     33.000     300.000       0.000
