    117.000     100.000     250.000
    117.000     300.000       0.000
     78.000     100.000     250.000
     78.000     300.000       0.000
     66.000     100.000     250.000
     66.000     300.000       0.000
    110.000     100.000     250.000
    110.000     300.000       0.000
     30.000     100.000     250.000
     30.000     300.000       0.000
    151.000     100.000     250.000
    151.000     300.000       0.000
     46.000     100.000     250.000
     46.000     300.000       0.000
    124.000     100.000     250.000
    124.000     300.000       0.000
