     33.000     100.000     250.000
     33.000     300.000       0.000
    168.000     100.000     250.000
    168.000     300.000       0.000
      4.000     100.000     250.000
      4.000     300.000       0.000
    188.000     100.000     250.000
    188.000     300.000       0.000
     74.000     100.000     250.000
     74.000     300.000       0.000
     20.000     100.000     250.000
     20.000     300.000       0.000
      9.000     100.000     250.000
      9.000     300.000       0.000
    162.000     100.000     250.000
    162.000     300.000       0.000
     68.000     100.000     250.000
     68.000     300.000       0.000
      8.000     100.000     250.000
      8.000     300.000       0.000
