    179.000     100.000     250.000
    179.000     300.000       0.000
    131.000     100.000     250.000
    131.000     300.000       0.000
    125.000     100.000     250.000
    125.000     300.000       0.000
     88.000     100.000     250.000
     88.000     300.000       0.000
     62.000     100.000     250.000
     62.000     300.000       0.000
     53.000     100.000     250.000
     53.000     300.000       0.000
    147.000     100.000     250.000
    147.000     300.000       0.000
      8.000     100.000     250.000
      8.000     300.000       0.000
    135.000     100.000     250.000
    135.000     300.000       0.000
     26.000     100.000     250.000
     26.000     300.000       0.000
