     91.000     100.000     250.000
     91.000     300.000       0.000
    112.000     100.000     250.000
    112.000     300.000       0.000
    122.000     100.000     250.000
    122.000     300.000       0.000
     29.000     100.000     250.000
     29.000     300.000       0.000
     76.000     100.000     250.000
     76.000     300.000       0.000
    147.000     100.000     250.000
    147.000     300.000       0.000
      3.000     100.000     250.000
      3.000     300.000       0.000
     12.000     100.000     250.000
     12.000     300.000       0.000
    145.000     100.000     250.000
    145.000     300.000       0.000
