     75.000     100.000     250.000
     75.000     300.000       0.000
     42.000     100.000     250.000
     42.000     300.000       0.000
    116.000     100.000     250.000
    116.000     300.000       0.000
      6.000     100.000     250.000
      6.000     300.000       0.000
     24.000     100.000     250.000
     24.000     300.000       0.000
     90.000     100.000     250.000
     90.000     300.000       0.000
     92.000     100.000     250.000
     92.000     300.000       0.000
     24.000     100.000     250.000
     24.000     300.000       0.000
     48.000     100.000     250.000
     48.000     300.000       0.000
     27.000     100.000     250.000
     27.000     300.000       0.000
