    137.000     100.000     250.000
    137.000     300.000       0.000
    162.000     100.000     250.000
    162.000     300.000       0.000
     82.000     100.000     250.000
     82.000     300.000       0.000
    120.000     100.000     250.000
    120.000     300.000       0.000
     25.000     100.000     250.000
     25.000     300.000       0.000
     69.000     100.000     250.000
     69.000     300.000       0.000
     31.000     100.000     250.000
     31.000     300.000       0.000
     36.000     100.000     250.000
     36.000     300.000       0.000
     21.000     100.000     250.000
     21.000     300.000       0.000
    172.000     100.000     250.000
    172.000     300.000       0.000
