     92.000     100.000     250.000
     92.000     300.000       0.000
     21.000     100.000     250.000
     21.000     300.000       0.000
     72.000     100.000     250.000
     72.000     300.000       0.000
     15.000     100.000     250.000
     15.000     300.000       0.000
     62.000     100.000     250.000
     62.000     300.000       0.000
    109.000     100.000     250.000
    109.000     300.000       0.000
    127.000     100.000     250.000
    127.000     300.000       0.000
     20.000     100.000     250.000
     20.000     300.000       0.000
     56.000     100.000     250.000
     56.000     300.000       0.000
    183.000     100.000     250.000
    183.000     300.000       0.000
