     34.000     100.000     250.000
     34.000     300.000       0.000
     83.000     100.000     250.000
     83.000     300.000       0.000
    145.000     100.000     250.000
    145.000     300.000       0.000
      6.000     100.000     250.000
      6.000     300.000       0.000
     14.000     100.000     250.000
     14.000     300.000       0.000
     63.000     100.000     250.000
     63.000     300.000       0.000
    137.000     100.000     250.000
    137.000     300.000       0.000
