    160.000     100.000     250.000
    160.000     300.000       0.000
    185.000     100.000     250.000
    185.000     300.000       0.000
     32.000     100.000     250.000
     32.000     300.000       0.000
    104.000     100.000     250.000
    104.000     300.000       0.000
     89.000     100.000     250.000
     89.000     300.000       0.000
     13.000     100.000     250.000
     13.000     300.000       0.000
     59.000     100.000     250.000
     59.000     300.000       0.000
    167.000     100.000     250.000
    167.000     300.000       0.000
     55.000     100.000     250.000
     55.000     300.000       0.000
      8.000     100.000     250.000
      8.000     300.000       0.000
