     38.000     100.000     250.000
     38.000     300.000       0.000
    140.000     100.000     250.000
    140.000     300.000       0.000
     61.000     100.000     250.000
     61.000     300.000       0.000
    148.000     100.000     250.000
    148.000     300.000       0.000
     62.000     100.000     250.000
     62.000     300.000       0.000
    158.000     100.000     250.000
    158.000     300.000       0.000
    115.000     100.000     250.000
    115.000     300.000       0.000
