     19.000     100.000     250.000
     19.000     300.000       0.000
    103.000     100.000     250.000
    103.000     300.000       0.000
    168.000     100.000     250.000
    168.000     300.000       0.000
     20.000     100.000     250.000
     20.000     300.000       0.000
    165.000     100.000     250.000
    165.000     300.000       0.000
    137.000     100.000     250.000
    137.000     300.000       0.000
      3.000     100.000     250.000
      3.000     300.000       0.000
     61.000     100.000     250.000
     61.000     300.000       0.000
     98.000     100.000     250.000
     98.000     300.000       0.000
