    105.000     100.000     250.000
    105.000     300.000       0.000
     86.000     100.000     250.000
     86.000     300.000       0.000
     13.000     100.000     250.000
     13.000     300.000       0.000
    137.000     100.000     250.000
    137.000     300.000       0.000
     95.000     100.000     250.000
     95.000     300.000       0.000
     32.000     100.000     250.000
     32.000     300.000       0.000
     74.000     100.000     250.000
     74.000     300.000       0.000
    155.000     100.000     250.000
    155.000     300.000       0.000
    100.000     100.000     250.000
    100.000     300.000       0.000
