    118.000     100.000     250.000
    118.000     300.000       0.000
    188.000     100.000     250.000
    188.000     300.000       0.000
     38.000     100.000     250.000
     38.000     300.000       0.000
    143.000     100.000     250.000
    143.000     300.000       0.000
    152.000     100.000     250.000
    152.000     300.000       0.000
    121.000     100.000     250.000
    121.000     300.000       0.000
    155.000     100.000     250.000
    155.000     300.000       0.000
    107.000     100.000     250.000
    107.000     300.000       0.000
