     68.000     100.000     250.000
     68.000     300.000       0.000
    149.000     100.000     250.000
    149.000     300.000       0.000
     38.000     100.000     250.000
     38.000     300.000       0.000
      5.000     100.000     250.000
      5.000     300.000       0.000
    100.000     100.000     250.000
    100.000     300.000       0.000
     12.000     100.000     250.000
     12.000     300.000       0.000
    104.000     100.000     250.000
    104.000     300.000       0.000
    134.000     100.000     250.000
    134.000     300.000       0.000
     56.000     100.000     250.000
     56.000     300.000       0.000
