     76.000     100.000     250.000
     76.000     300.000       0.000
    101.000     100.000     250.000
    101.000     300.000       0.000
    160.000     100.000     250.000
    160.000     300.000       0.000
    183.000     100.000     250.000
    183.000     300.000       0.000
    100.000     100.000     250.000
    100.000     300.000       0.000
     49.000     100.000     250.000
     49.000     300.000       0.000
    155.000     100.000     250.000
    155.000     300.000       0.000
     35.000     100.000     250.000
     35.000     300.000       0.000
     77.000     100.000     250.000
     77.000     300.000       0.000
