    184.000     100.000     250.000
    184.000     300.000       0.000
     34.000     100.000     250.000
     34.000     300.000       0.000
    113.000     100.000     250.000
    113.000     300.000       0.000
    158.000     100.000     250.000
    158.000     300.000       0.000
     84.000     100.000     250.000
     84.000     300.000       0.000
     63.000     100.000     250.000
     63.000     300.000       0.000
     48.000     100.000     250.000
     48.000     300.000       0.000
     91.000     100.000     250.000
     91.000     300.000       0.000
