    160.000     100.000     250.000
    160.000     300.000       0.000
    139.000     100.000     250.000
    139.000     300.000       0.000
     25.000     100.000     250.000
     25.000     300.000       0.000
    180.000     100.000     250.000
    180.000     300.000       0.000
    126.000     100.000     250.000
    126.000     300.000       0.000
     84.000     100.000     250.000
     84.000     300.000       0.000
    182.000     100.000     250.000
    182.000     300.000       0.000
    138.000     100.000     250.000
    138.000     300.000       0.000
    102.000     100.000     250.000
    102.000     300.000       0.000
    167.000     100.000     250.000
    167.000     300.000       0.000
