    158.000     100.000     250.000
    158.000     300.000       0.000
    133.000     100.000     250.000
    133.000     300.000       0.000
    178.000     100.000     250.000
    178.000     300.000       0.000
     19.000     100.000     250.000
     19.000     300.000       0.000
     62.000     100.000     250.000
     62.000     300.000       0.000
    182.000     100.000     250.000
    182.000     300.000       0.000
    191.000     100.000     250.000
    191.000     300.000       0.000
     36.000     100.000     250.000
     36.000     300.000       0.000
     58.000     100.000     250.000
     58.000     300.000       0.000
     63.000     100.000     250.000
     63.000     300.000       0.000
