    112.000     100.000     250.000
    112.000     300.000       0.000
    110.000     100.000     250.000
    110.000     300.000       0.000
     30.000     100.000     250.000
     30.000     300.000       0.000
     43.000     100.000     250.000
     43.000     300.000       0.000
    175.000     100.000     250.000
    175.000     300.000       0.000
     51.000     100.000     250.000
     51.000     300.000       0.000
     49.000     100.000     250.000
     49.000     300.000       0.000
    109.000     100.000     250.000
    109.000     300.000       0.000
    130.000     100.000     250.000
    130.000     300.000       0.000
    169.000     100.000     250.000
    169.000     300.000       0.000
