      2.000     100.000     250.000
      2.000     300.000       0.000
     38.000     100.000     250.000
     38.000     300.000       0.000
    173.000     100.000     250.000
    173.000     300.000       0.000
    157.000     100.000     250.000
    157.000     300.000       0.000
    151.000     100.000     250.000
    151.000     300.000       0.000
    176.000     100.000     250.000
    176.000     300.000       0.000
    125.000     100.000     250.000
    125.000     300.000       0.000
    158.000     100.000     250.000
    158.000     300.000       0.000
