    113.000     100.000     250.000
    113.000     300.000       0.000
     67.000     100.000     250.000
     67.000     300.000       0.000
     74.000     100.000     250.000
     74.000     300.000       0.000
     86.000     100.000     250.000
     86.000     300.000       0.000
    159.000     100.000     250.000
    159.000     300.000       0.000
    174.000     100.000     250.000
    174.000     300.000       0.000
      4.000     100.000     250.000
      4.000     300.000       0.000
