     86.000     100.000     250.000
     86.000     300.000       0.000
     74.000     100.000     250.000
     74.000     300.000       0.000
    188.000     100.000     250.000
    188.000     300.000       0.000
     67.000     100.000     250.000
     67.000     300.000       0.000
     66.000     100.000     250.000
     66.000     300.000       0.000
     94.000     100.000     250.000
     94.000     300.000       0.000
     79.000     100.000     250.000
     79.000     300.000       0.000
