     21.000     100.000     250.000
     21.000     300.000       0.000
    149.000     100.000     250.000
    149.000     300.000       0.000
     64.000     100.000     250.000
     64.000     300.000       0.000
     41.000     100.000     250.000
     41.000     300.000       0.000
    138.000     100.000     250.000
    138.000     300.000       0.000
     47.000     100.000     250.000
     47.000     300.000       0.000
    157.000     100.000     250.000
    157.000     300.000       0.000
    161.000     100.000     250.000
    161.000     300.000       0.000
     64.000     100.000     250.000
     64.000     300.000       0.000
    187.000     100.000     250.000
    187.000     300.000       0.000
