      0.000     100.000     250.000
      0.000     300.000       0.000
     98.000     100.000     250.000
     98.000     300.000       0.000
     11.000     100.000     250.000
     11.000     300.000       0.000
    182.000     100.000     250.000
    182.000     300.000       0.000
     81.000     100.000     250.000
     81.000     300.000       0.000
     77.000     100.000     250.000
     77.000     300.000       0.000
     96.000     100.000     250.000
     96.000     300.000       0.000
     35.000     100.000     250.000
     35.000     300.000       0.000
    133.000     100.000     250.000
    133.000     300.000       0.000
     90.000     100.000     250.000
     90.000     300.000       0.000
