    106.000     100.000     250.000
    106.000     300.000       0.000
    173.000     100.000     250.000
    173.000     300.000       0.000
     84.000     100.000     250.000
     84.000     300.000       0.000
     70.000     100.000     250.000
     70.000     300.000       0.000
     74.000     100.000     250.000
     74.000     300.000       0.000
     36.000     100.000     250.000
     36.000     300.000       0.000
      8.000     100.000     250.000
      8.000     300.000       0.000
    172.000     100.000     250.000
    172.000     300.000       0.000
    168.000     100.000     250.000
    168.000     300.000       0.000
     34.000     100.000     250.000
     34.000     300.000       0.000
