     45.000     100.000     250.000
     45.000     300.000       0.000
    133.000     100.000     250.000
    133.000     300.000       0.000
    119.000     100.000     250.000
    119.000     300.000       0.000
    155.000     100.000     250.000
    155.000     300.000       0.000
    105.000     100.000     250.000
    105.000     300.000       0.000
     29.000     100.000     250.000
     29.000     300.000       0.000
     49.000     100.000     250.000
     49.000     300.000       0.000
    120.000     100.000     250.000
    120.000     300.000       0.000
    178.000     100.000     250.000
    178.000     300.000       0.000
     59.000     100.000     250.000
     59.000     300.000       0.000
