    102.000     100.000     250.000
    102.000     300.000       0.000
    112.000     100.000     250.000
    112.000     300.000       0.000
     16.000     100.000     250.000
     16.000     300.000       0.000
    128.000     100.000     250.000
    128.000     300.000       0.000
    152.000     100.000     250.000
    152.000     300.000       0.000
    153.000     100.000     250.000
    153.000     300.000       0.000
     40.000     100.000     250.000
     40.000     300.000       0.000
    121.000     100.000     250.000
    121.000     300.000       0.000
     60.000     100.000     250.000
     60.000     300.000       0.000
     46.000     100.000     250.000
     46.000     300.000       0.000
