    183.000     100.000     250.000
    183.000     300.000       0.000
     77.000     100.000     250.000
     77.000     300.000       0.000
    178.000     100.000     250.000
    178.000     300.000       0.000
    121.000     100.000     250.000
    121.000     300.000       0.000
    158.000     100.000     250.000
    158.000     300.000       0.000
    140.000     100.000     250.000
    140.000     300.000       0.000
     55.000     100.000     250.000
     55.000     300.000       0.000
    138.000     100.000     250.000
    138.000     300.000       0.000
      5.000     100.000     250.000
      5.000     300.000       0.000
    176.000     100.000     250.000
    176.000     300.000       0.000
