    148.000     100.000     250.000
    148.000     300.000       0.000
    115.000     100.000     250.000
    115.000     300.000       0.000
     49.000     100.000     250.000
     49.000     300.000       0.000
     89.000     100.000     250.000
     89.000     300.000       0.000
    187.000     100.000     250.000
    187.000     300.000       0.000
     69.000     100.000     250.000
     69.000     300.000       0.000
    135.000     100.000     250.000
    135.000     300.000       0.000
