     58.000     100.000     250.000
     58.000     300.000       0.000
     31.000     100.000     250.000
     31.000     300.000       0.000
    151.000     100.000     250.000
    151.000     300.000       0.000
    138.000     100.000     250.000
    138.000     300.000       0.000
    175.000     100.000     250.000
    175.000     300.000       0.000
    111.000     100.000     250.000
    111.000     300.000       0.000
     51.000     100.000     250.000
     51.000     300.000       0.000
    183.000     100.000     250.000
    183.000     300.000       0.000
    101.000     100.000     250.000
    101.000     300.000       0.000
      3.000     100.000     250.000
      3.000     300.000       0.000
