    166.000     100.000     250.000
    166.000     300.000       0.000
     60.000     100.000     250.000
     60.000     300.000       0.000
    104.000     100.000     250.000
    104.000     300.000       0.000
     48.000     100.000     250.000
     48.000     300.000       0.000
     11.000     100.000     250.000
     11.000     300.000       0.000
     61.000     100.000     250.000
     61.000     300.000       0.000
     31.000     100.000     250.000
     31.000     300.000       0.000
     46.000     100.000     250.000
     46.000     300.000       0.000
