      8.000     100.000     250.000
      8.000     300.000       0.000
     46.000     100.000     250.000
     46.000     300.000       0.000
     26.000     100.000     250.000
     26.000     300.000       0.000
    123.000     100.000     250.000
    123.000     300.000       0.000
    108.000     100.000     250.000
    108.000     300.000       0.000
    117.000     100.000     250.000
    117.000     300.000       0.000
    189.000     100.000     250.000
    189.000     300.000       0.000
     15.000     100.000     250.000
     15.000     300.000       0.000
