    182.000     100.000     250.000
    182.000     300.000       0.000
     95.000     100.000     250.000
     95.000     300.000       0.000
     30.000     100.000     250.000
     30.000     300.000       0.000
    186.000     100.000     250.000
    186.000     300.000       0.000
    141.000     100.000     250.000
    141.000     300.000       0.000
     70.000     100.000     250.000
     70.000     300.000       0.000
    131.000     100.000     250.000
    131.000     300.000       0.000
