    116.000     100.000     250.000
    116.000     300.000       0.000
     28.000     100.000     250.000
     28.000     300.000       0.000
      8.000     100.000     250.000
      8.000     300.000       0.000
      8.000     100.000     250.000
      8.000     300.000       0.000
    107.000     100.000     250.000
    107.000     300.000       0.000
     47.000     100.000     250.000
     47.000     300.000       0.000
    140.000     100.000     250.000
    140.000     300.000       0.000
