     45.000     100.000     250.000
     45.000     300.000       0.000
     75.000     100.000     250.000
     75.000     300.000       0.000
    169.000     100.000     250.000
    169.000     300.000       0.000
    171.000     100.000     250.000
    171.000     300.000       0.000
    116.000     100.000     250.000
    116.000     300.000       0.000
    176.000     100.000     250.000
    176.000     300.000       0.000
     52.000     100.000     250.000
     52.000     300.000       0.000
    185.000     100.000     250.000
    185.000     300.000       0.000
