     32.000     100.000     250.000
     32.000     300.000       0.000
     48.000     100.000     250.000
     48.000     300.000       0.000
    135.000     100.000     250.000
    135.000     300.000       0.000
    116.000     100.000     250.000
    116.000     300.000       0.000
     58.000     100.000     250.000
     58.000     300.000       0.000
     99.000     100.000     250.000
     99.000     300.000       0.000
     17.000     100.000     250.000
     17.000     300.000       0.000
     35.000     100.000     250.000
     35.000     300.000       0.000
