    166.000     100.000     250.000
    166.000     300.000       0.000
     99.000     100.000     250.000
     99.000     300.000       0.000
    148.000     100.000     250.000
    148.000     300.000       0.000
    100.000     100.000     250.000
    100.000     300.000       0.000
    184.000     100.000     250.000
    184.000     300.000       0.000
     14.000     100.000     250.000
     14.000     300.000       0.000
    169.000     100.000     250.000
    169.000     300.000       0.000
    141.000     100.000     250.000
    141.000     300.000       0.000
