     51.000     100.000     250.000
     51.000     300.000       0.000
     16.000     100.000     250.000
     16.000     300.000       0.000
    139.000     100.000     250.000
    139.000     300.000       0.000
    132.000     100.000     250.000
    132.000     300.000       0.000
    171.000     100.000     250.000
    171.000     300.000       0.000
    184.000     100.000     250.000
    184.000     300.000       0.000
     76.000     100.000     250.000
     76.000     300.000       0.000
     75.000     100.000     250.000
     75.000     300.000       0.000
    149.000     100.000     250.000
    149.000     300.000       0.000
