     47.000     100.000     250.000
     47.000     300.000       0.000
    112.000     100.000     250.000
    112.000     300.000       0.000
     77.000     100.000     250.000
     77.000     300.000       0.000
    167.000     100.000     250.000
    167.000     300.000       0.000
    131.000     100.000     250.000
    131.000     300.000       0.000
     81.000     100.000     250.000
     81.000     300.000       0.000
    165.000     100.000     250.000
    165.000     300.000       0.000
     50.000     100.000     250.000
     50.000     300.000       0.000
    185.000     100.000     250.000
    185.000     300.000       0.000
