    173.000     100.000     250.000
    173.000     300.000       0.000
     87.000     100.000     250.000
     87.000     300.000       0.000
     45.000     100.000     250.000
     45.000     300.000       0.000
      2.000     100.000     250.000
      2.000     300.000       0.000
    140.000     100.000     250.000
    140.000     300.000       0.000
    129.000     100.000     250.000
    129.000     300.000       0.000
    167.000     100.000     250.000
    167.000     300.000       0.000
    107.000     100.000     250.000
    107.000     300.000       0.000
