     27.000     100.000     250.000
     27.000     300.000       0.000
    138.000     100.000     250.000
    138.000     300.000       0.000
    108.000     100.000     250.000
    108.000     300.000       0.000
    188.000     100.000     250.000
    188.000     300.000       0.000
     43.000     100.000     250.000
     43.000     300.000       0.000
     21.000     100.000     250.000
     21.000     300.000       0.000
     99.000     100.000     250.000
     99.000     300.000       0.000
    145.000     100.000     250.000
    145.000     300.000       0.000
