    106.000     100.000     250.000
    106.000     300.000       0.000
     63.000     100.000     250.000
     63.000     300.000       0.000
    182.000     100.000     250.000
    182.000     300.000       0.000
     78.000     100.000     250.000
     78.000     300.000       0.000
    131.000     100.000     250.000
    131.000     300.000       0.000
     40.000     100.000     250.000
     40.000     300.000       0.000
     73.000     100.000     250.000
     73.000     300.000       0.000
