     89.000     100.000     250.000
     89.000     300.000       0.000
     14.000     100.000     250.000
     14.000     300.000       0.000
    180.000     100.000     250.000
    180.000     300.000       0.000
     29.000     100.000     250.000
     29.000     300.000       0.000
    153.000     100.000     250.000
    153.000     300.000       0.000
     43.000     100.000     250.000
     43.000     300.000       0.000
     58.000     100.000     250.000
     58.000     300.000       0.000
    159.000     100.000     250.000
    159.000     300.000       0.000
    157.000     100.000     250.000
    157.000     300.000       0.000
