     12.000     100.000     250.000
     12.000     300.000       0.000
      3.000     100.000     250.000
      3.000     300.000       0.000
    138.000     100.000     250.000
    138.000     300.000       0.000
     51.000     100.000     250.000
     51.000     300.000       0.000
    166.000     100.000     250.000
    166.000     300.000       0.000
    151.000     100.000     250.000
    151.000     300.000       0.000
    118.000     100.000     250.000
    118.000     300.000       0.000
