      7.000     100.000     250.000
      7.000     300.000       0.000
     25.000     100.000     250.000
     25.000     300.000       0.000
     64.000     100.000     250.000
     64.000     300.000       0.000
    158.000     100.000     250.000
    158.000     300.000       0.000
     41.000     100.000     250.000
     41.000     300.000       0.000
    128.000     100.000     250.000
    128.000     300.000       0.000
    191.000     100.000     250.000
    191.000     300.000       0.000
     74.000     100.000     250.000
     74.000     300.000       0.000
     79.000     100.000     250.000
     79.000     300.000       0.000
