    135.000     100.000     250.000
    135.000     300.000       0.000
     92.000     100.000     250.000
     92.000     300.000       0.000
    120.000     100.000     250.000
    120.000     300.000       0.000
     68.000     100.000     250.000
     68.000     300.000       0.000
    182.000     100.000     250.000
    182.000     300.000       0.000
    122.000     100.000     250.000
    122.000     300.000       0.000
     68.000     100.000     250.000
     68.000     300.000       0.000
    140.000     100.000     250.000
    140.000     300.000       0.000
     47.000     100.000     250.000
     47.000     300.000       0.000
