     50.000     100.000     250.000
     50.000     300.000       0.000
    161.000     100.000     250.000
    161.000     300.000       0.000
    182.000     100.000     250.000
    182.000     300.000       0.000
    145.000     100.000     250.000
    145.000     300.000       0.000
    174.000     100.000     250.000
    174.000     300.000       0.000
      8.000     100.000     250.000
      8.000     300.000       0.000
     62.000     100.000     250.000
     62.000     300.000       0.000
     33.000     100.000     250.000
     33.000     300.000       0.000
