     51.000     100.000     250.000
     51.000     300.000       0.000
     24.000     100.000     250.000
     24.000     300.000       0.000
    146.000     100.000     250.000
    146.000     300.000       0.000
     79.000     100.000     250.000
     79.000     300.000       0.000
    152.000     100.000     250.000
    152.000     300.000       0.000
     84.000     100.000     250.000
     84.000     300.000       0.000
     72.000     100.000     250.000
     72.000     300.000       0.000
     61.000     100.000     250.000
     61.000     300.000       0.000
    124.000     100.000     250.000
    124.000     300.000       0.000
