     10.000     100.000     250.000
     10.000     300.000       0.000
    145.000     100.000     250.000
    145.000     300.000       0.000
     85.000     100.000     250.000
     85.000     300.000       0.000
    180.000     100.000     250.000
    180.000     300.000       0.000
    191.000     100.000     250.000
    191.000     300.000       0.000
     77.000     100.000     250.000
     77.000     300.000       0.000
    159.000     100.000     250.000
    159.000     300.000       0.000
     75.000     100.000     250.000
     75.000     300.000       0.000
