     84.000     100.000     250.000
     84.000     300.000       0.000
    108.000     100.000     250.000
    108.000     300.000       0.000
    188.000     100.000     250.000
    188.000     300.000       0.000
    128.000     100.000     250.000
    128.000     300.000       0.000
     74.000     100.000     250.000
     74.000     300.000       0.000
    137.000     100.000     250.000
    137.000     300.000       0.000
     78.000     100.000     250.000
     78.000     300.000       0.000
