    142.000     100.000     250.000
    142.000     300.000       0.000
    175.000     100.000     250.000
    175.000     300.000       0.000
      1.000     100.000     250.000
      1.000     300.000       0.000
     97.000     100.000     250.000
     97.000     300.000       0.000
    127.000     100.000     250.000
    127.000     300.000       0.000
     95.000     100.000     250.000
     95.000     300.000       0.000
    130.000     100.000     250.000
    130.000     300.000       0.000
    131.000     100.000     250.000
    131.000     300.000       0.000
      7.000     100.000     250.000
      7.000     300.000       0.000
     85.000     100.000     250.000
     85.000     300.000       0.000
