     80.000     100.000     250.000
     80.000     300.000       0.000
     16.000     100.000     250.000
     16.000     300.000       0.000
     96.000     100.000     250.000
     96.000     300.000       0.000
     35.000     100.000     250.000
     35.000     300.000       0.000
    110.000     100.000     250.000
    110.000     300.000       0.000
    137.000     100.000     250.000
    137.000     300.000       0.000
     25.000     100.000     250.000
     25.000     300.000       0.000
