     46.000     100.000     250.000
     46.000     300.000       0.000
     19.000     100.000     250.000
     19.000     300.000       0.000
     38.000     100.000     250.000
     38.000     300.000       0.000
    113.000     100.000     250.000
    113.000     300.000       0.000
     47.000     100.000     250.000
     47.000     300.000       0.000
    189.000     100.000     250.000
    189.000     300.000       0.000
    162.000     100.000     250.000
    162.000     300.000       0.000
    112.000     100.000     250.000
    112.000     300.000       0.000
    145.000     100.000     250.000
    145.000     300.000       0.000
    163.000     100.000     250.000
    163.000     300.000       0.000
