     98.000     100.000     250.000
     98.000     300.000       0.000
     68.000     100.000     250.000
     68.000     300.000       0.000
    186.000     100.000     250.000
    186.000     300.000       0.000
    116.000     100.000     250.000
    116.000     300.000       0.000
    106.000     100.000     250.000
    106.000     300.000       0.000
    168.000     100.000     250.000
    168.000     300.000       0.000
    186.000     100.000     250.000
    186.000     300.000       0.000
     12.000     100.000     250.000
     12.000     300.000       0.000
     87.000     100.000     250.000
     87.000     300.000       0.000
