    172.000     100.000     250.000
    172.000     300.000       0.000
     44.000     100.000     250.000
     44.000     300.000       0.000
      7.000     100.000     250.000
      7.000     300.000       0.000
     12.000     100.000     250.000
     12.000     300.000       0.000
    162.000     100.000     250.000
    162.000     300.000       0.000
    180.000     100.000     250.000
    180.000     300.000       0.000
    140.000     100.000     250.000
    140.000     300.000       0.000
