     13.000     100.000     250.000
     13.000     300.000       0.000
    130.000     100.000     250.000
    130.000     300.000       0.000
    156.000     100.000     250.000
    156.000     300.000       0.000
    145.000     100.000     250.000
    145.000     300.000       0.000
     92.000     100.000     250.000
     92.000     300.000       0.000
    104.000     100.000     250.000
    104.000     300.000       0.000
    145.000     100.000     250.000
    145.000     300.000       0.000
    132.000     100.000     250.000
    132.000     300.000       0.000
