     75.000     100.000     250.000
     75.000     300.000       0.000
     41.000     100.000     250.000
     41.000     300.000       0.000
     62.000     100.000     250.000
     62.000     300.000       0.000
     70.000     100.000     250.000
     70.000     300.000       0.000
    173.000     100.000     250.000
    173.000     300.000       0.000
     80.000     100.000     250.000
     80.000     300.000       0.000
    172.000     100.000     250.000
    172.000     300.000       0.000
     85.000     100.000     250.000
     85.000     300.000       0.000
     77.000     100.000     250.000
     77.000     300.000       0.000
