    162.000     100.000     250.000
    162.000     300.000       0.000
    154.000     100.000     250.000
    154.000     300.000       0.000
    187.000     100.000     250.000
    187.000     300.000       0.000
    183.000     100.000     250.000
    183.000     300.000       0.000
    145.000     100.000     250.000
    145.000     300.000       0.000
     76.000     100.000     250.000
     76.000     300.000       0.000
     66.000     100.000     250.000
     66.000     300.000       0.000
