    142.000     100.000     250.000
    142.000     300.000       0.000
     15.000     100.000     250.000
     15.000     300.000       0.000
     73.000     100.000     250.000
     73.000     300.000       0.000
     51.000     100.000     250.000
     51.000     300.000       0.000
    105.000     100.000     250.000
    105.000     300.000       0.000
    167.000     100.000     250.000
    167.000     300.000       0.000
    178.000     100.000     250.000
    178.000     300.000       0.000
