     82.000     100.000     250.000
     82.000     300.000       0.000
    140.000     100.000     250.000
    140.000     300.000       0.000
    137.000     100.000     250.000
    137.000     300.000       0.000
    153.000     100.000     250.000
    153.000     300.000       0.000
     55.000     100.000     250.000
     55.000     300.000       0.000
     58.000     100.000     250.000
     58.000     300.000       0.000
    171.000     100.000     250.000
    171.000     300.000       0.000
