    134.000     100.000     250.000
    134.000     300.000       0.000
    175.000     100.000     250.000
    175.000     300.000       0.000
    144.000     100.000     250.000
    144.000     300.000       0.000
     43.000     100.000     250.000
     43.000     300.000       0.000
     44.000     100.000     250.000
     44.000     300.000       0.000
     38.000     100.000     250.000
     38.000     300.000       0.000
    104.000     100.000     250.000
    104.000     300.000       0.000
     14.000     100.000     250.000
     14.000     300.000       0.000
    174.000     100.000     250.000
    174.000     300.000       0.000
     91.000     100.000     250.000
     91.000     300.000       0.000
