    173.000     100.000     250.000
    173.000     300.000       0.000
    105.000     100.000     250.000
    105.000     300.000       0.000
     30.000     100.000     250.000
     30.000     300.000       0.000
     43.000     100.000     250.000
     43.000     300.000       0.000
     10.000     100.000     250.000
     10.000     300.000       0.000
     20.000     100.000     250.000
     20.000     300.000       0.000
    135.000     100.000     250.000
    135.000     300.000       0.000
