    186.000     100.000     250.000
    186.000     300.000       0.000
    139.000     100.000     250.000
    139.000     300.000       0.000
     86.000     100.000     250.000
     86.000     300.000       0.000
      5.000     100.000     250.000
      5.000     300.000       0.000
     46.000     100.000     250.000
     46.000     300.000       0.000
     19.000     100.000     250.000
     19.000     300.000       0.000
    140.000     100.000     250.000
    140.000     300.000       0.000
    191.000     100.000     250.000
    191.000     300.000       0.000
     80.000     100.000     250.000
     80.000     300.000       0.000
