    155.000     100.000     250.000
    155.000     300.000       0.000
    146.000     100.000     250.000
    146.000     300.000       0.000
    134.000     100.000     250.000
    134.000     300.000       0.000
    157.000     100.000     250.000
    157.000     300.000       0.000
    173.000     100.000     250.000
    173.000     300.000       0.000
     47.000     100.000     250.000
     47.000     300.000       0.000
     90.000     100.000     250.000
     90.000     300.000       0.000
