    176.000     100.000     250.000
    176.000     300.000       0.000
     34.000     100.000     250.000
     34.000     300.000       0.000
      4.000     100.000     250.000
      4.000     300.000       0.000
    187.000     100.000     250.000
    187.000     300.000       0.000
     96.000     100.000     250.000
     96.000     300.000       0.000
     62.000     100.000     250.000
     62.000     300.000       0.000
    120.000     100.000     250.000
    120.000     300.000       0.000
