     97.000     100.000     250.000
     97.000     300.000       0.000
    174.000     100.000     250.000
    174.000     300.000       0.000
    191.000     100.000     250.000
    191.000     300.000       0.000
      7.000     100.000     250.000
      7.000     300.000       0.000
     28.000     100.000     250.000
     28.000     300.000       0.000
     93.000     100.000     250.000
     93.000     300.000       0.000
     67.000     100.000     250.000
     67.000     300.000       0.000
     10.000     100.000     250.000
     10.000     300.000       0.000
    150.000     100.000     250.000
    150.000     300.000       0.000
