     34.000     100.000     250.000
     34.000     300.000       0.000
     29.000     100.000     250.000
     29.000     300.000       0.000
     18.000     100.000     250.000
     18.000     300.000       0.000
    138.000     100.000     250.000
    138.000     300.000       0.000
     73.000     100.000     250.000
     73.000     300.000       0.000
      6.000     100.000     250.000
      6.000     300.000       0.000
     31.000     100.000     250.000
     31.000     300.000       0.000
     82.000     100.000     250.000
     82.000     300.000       0.000
    102.000     100.000     250.000
    102.000     300.000       0.000
