     46.000     100.000     250.000
     46.000     300.000       0.000
    128.000     100.000     250.000
    128.000     300.000       0.000
    129.000     100.000     250.000
    129.000     300.000       0.000
     19.000     100.000     250.000
     19.000     300.000       0.000
     79.000     100.000     250.000
     79.000     300.000       0.000
     67.000     100.000     250.000
     67.000     300.000       0.000
    170.000     100.000     250.000
    170.000     300.000       0.000
