     69.000     100.000     250.000
     69.000     300.000       0.000
    183.000     100.000     250.000
    183.000     300.000       0.000
     99.000     100.000     250.000
     99.000     300.000       0.000
    102.000     100.000     250.000
    102.000     300.000       0.000
     89.000     100.000     250.000
     89.000     300.000       0.000
      5.000     100.000     250.000
      5.000     300.000       0.000
    173.000     100.000     250.000
    173.000     300.000       0.000
      1.000     100.000     250.000
      1.000     300.000       0.000
