    132.000     100.000     250.000
    132.000     300.000       0.000
     63.000     100.000     250.000
     63.000     300.000       0.000
     56.000     100.000     250.000
     56.000     300.000       0.000
     47.000     100.000     250.000
     47.000     300.000       0.000
     32.000     100.000     250.000
     32.000     300.000       0.000
    108.000     100.000     250.000
    108.000     300.000       0.000
    150.000     100.000     250.000
    150.000     300.000       0.000
    167.000     100.000     250.000
    167.000     300.000       0.000
    143.000     100.000     250.000
    143.000     300.000       0.000
     66.000     100.000     250.000
     66.000     300.000       0.000
