    159.000     100.000     250.000
    159.000     300.000       0.000
    137.000     100.000     250.000
    137.000     300.000       0.000
    125.000     100.000     250.000
    125.000     300.000       0.000
     24.000     100.000     250.000
     24.000     300.000       0.000
    169.000     100.000     250.000
    169.000     300.000       0.000
    126.000     100.000     250.000
    126.000     300.000       0.000
    129.000     100.000     250.000
    129.000     300.000       0.000
     74.000     100.000     250.000
     74.000     300.000       0.000
    181.000     100.000     250.000
    181.000     300.000       0.000
