     82.000     100.000     250.000
     82.000     300.000       0.000
    159.000     100.000     250.000
    159.000     300.000       0.000
    173.000     100.000     250.000
    173.000     300.000       0.000
     99.000     100.000     250.000
     99.000     300.000       0.000
     51.000     100.000     250.000
     51.000     300.000       0.000
     97.000     100.000     250.000
     97.000     300.000       0.000
    163.000     100.000     250.000
    163.000     300.000       0.000
    130.000     100.000     250.000
    130.000     300.000       0.000
