    109.000     100.000     250.000
    109.000     300.000       0.000
     79.000     100.000     250.000
     79.000     300.000       0.000
    190.000     100.000     250.000
    190.000     300.000       0.000
     44.000     100.000     250.000
     44.000     300.000       0.000
     83.000     100.000     250.000
     83.000     300.000       0.000
    121.000     100.000     250.000
    121.000     300.000       0.000
     67.000     100.000     250.000
     67.000     300.000       0.000
     16.000     100.000     250.000
     16.000     300.000       0.000
    171.000     100.000     250.000
    171.000     300.000       0.000
    134.000     100.000     250.000
    134.000     300.000       0.000
