    182.000     100.000     250.000
    182.000     300.000       0.000
     24.000     100.000     250.000
     24.000     300.000       0.000
    142.000     100.000     250.000
    142.000     300.000       0.000
     45.000     100.000     250.000
     45.000     300.000       0.000
     58.000     100.000     250.000
     58.000     300.000       0.000
     74.000     100.000     250.000
     74.000     300.000       0.000
    169.000     100.000     250.000
    169.000     300.000       0.000
    189.000     100.000     250.000
    189.000     300.000       0.000
    187.000     100.000     250.000
    187.000     300.000       0.000
    138.000     100.000     250.000
    138.000     300.000       0.000
