     43.000     100.000     250.000
     43.000     300.000       0.000
    173.000     100.000     250.000
    173.000     300.000       0.000
     37.000     100.000     250.000
     37.000     300.000       0.000
     24.000     100.000     250.000
     24.000     300.000       0.000
    163.000     100.000     250.000
    163.000     300.000       0.000
     44.000     100.000     250.000
     44.000     300.000       0.000
    191.000     100.000     250.000
    191.000     300.000       0.000
