    181.000     100.000     250.000
    181.000     300.000       0.000
     63.000     100.000     250.000
     63.000     300.000       0.000
    131.000     100.000     250.000
    131.000     300.000       0.000
     95.000     100.000     250.000
     95.000     300.000       0.000
    125.000     100.000     250.000
    125.000     300.000       0.000
     97.000     100.000     250.000
     97.000     300.000       0.000
    171.000     100.000     250.000
    171.000     300.000       0.000
