     40.000     100.000     250.000
     40.000     300.000       0.000
    188.000     100.000     250.000
    188.000     300.000       0.000
    116.000     100.000     250.000
    116.000     300.000       0.000
     88.000     100.000     250.000
     88.000     300.000       0.000
    157.000     100.000     250.000
    157.000     300.000       0.000
     86.000     100.000     250.000
     86.000     300.000       0.000
     72.000     100.000     250.000
     72.000     300.000       0.000
    138.000     100.000     250.000
    138.000     300.000       0.000
     50.000     100.000     250.000
     50.000     300.000       0.000
