     35.000     100.000     250.000
     35.000     300.000       0.000
     69.000     100.000     250.000
     69.000     300.000       0.000
     16.000     100.000     250.000
     16.000     300.000       0.000
    185.000     100.000     250.000
    185.000     300.000       0.000
     47.000     100.000     250.000
     47.000     300.000       0.000
    168.000     100.000     250.000
    168.000     300.000       0.000
    167.000     100.000     250.000
    167.000     300.000       0.000
     53.000     100.000     250.000
     53.000     300.000       0.000
    171.000     100.000     250.000
    171.000     300.000       0.000
