     90.000     100.000     250.000
     90.000     300.000       0.000
    106.000     100.000     250.000
    106.000     300.000       0.000
     52.000     100.000     250.000
     52.000     300.000       0.000
     38.000     100.000     250.000
     38.000     300.000       0.000
    155.000     100.000     250.000
    155.000     300.000       0.000
    139.000     100.000     250.000
    139.000     300.000       0.000
     64.000     100.000     250.000
     64.000     300.000       0.000
     30.000     100.000     250.000
     30.000     300.000       0.000
     60.000     100.000     250.000
     60.000     300.000       0.000
