    159.000     100.000     250.000
    159.000     300.000       0.000
    126.000     100.000     250.000
    126.000     300.000       0.000
    154.000     100.000     250.000
    154.000     300.000       0.000
      0.000     100.000     250.000
      0.000     300.000       0.000
    145.000     100.000     250.000
    145.000     300.000       0.000
    169.000     100.000     250.000
    169.000     300.000       0.000
    150.000     100.000     250.000
    150.000     300.000       0.000
