    103.000     100.000     250.000
    103.000     300.000       0.000
     27.000     100.000     250.000
     27.000     300.000       0.000
    165.000     100.000     250.000
    165.000     300.000       0.000
    148.000     100.000     250.000
    148.000     300.000       0.000
      3.000     100.000     250.000
      3.000     300.000       0.000
     97.000     100.000     250.000
     97.000     300.000       0.000
    144.000     100.000     250.000
    144.000     300.000       0.000
    127.000     100.000     250.000
    127.000     300.000       0.000
    109.000     100.000     250.000
    109.000     300.000       0.000
     27.000     100.000     250.000
     27.000     300.000       0.000
