     71.000     100.000     250.000
     71.000     300.000       0.000
     84.000     100.000     250.000
     84.000     300.000       0.000
    160.000     100.000     250.000
    160.000     300.000       0.000
    170.000     100.000     250.000
    170.000     300.000       0.000
    142.000     100.000     250.000
    142.000     300.000       0.000
    179.000     100.000     250.000
    179.000     300.000       0.000
    178.000     100.000     250.000
    178.000     300.000       0.000
     59.000     100.000     250.000
     59.000     300.000       0.000
      0.000     100.000     250.000
      0.000     300.000       0.000
    119.000     100.000     250.000
    119.000     300.000       0.000
