     13.000     100.000     250.000
     13.000     300.000       0.000
    123.000     100.000     250.000
    123.000     300.000       0.000
    175.000     100.000     250.000
    175.000     300.000       0.000
     51.000     100.000     250.000
     51.000     300.000       0.000
    113.000     100.000     250.000
    113.000     300.000       0.000
     63.000     100.000     250.000
     63.000     300.000       0.000
     87.000     100.000     250.000
     87.000     300.000       0.000
    122.000     100.000     250.000
    122.000     300.000       0.000
     58.000     100.000     250.000
     58.000     300.000       0.000
    171.000     100.000     250.000
    171.000     300.000       0.000
