     94.000     100.000     250.000
     94.000     300.000       0.000
    176.000     100.000     250.000
    176.000     300.000       0.000
    168.000     100.000     250.000
    168.000     300.000       0.000
      1.000     100.000     250.000
      1.000     300.000       0.000
    179.000     100.000     250.000
    179.000     300.000       0.000
     60.000     100.000     250.000
     60.000     300.000       0.000
    115.000     100.000     250.000
    115.000     300.000       0.000
    105.000     100.000     250.000
    105.000     300.000       0.000
      4.000     100.000     250.000
      4.000     300.000       0.000
