     64.000     100.000     250.000
     64.000     300.000       0.000
     92.000     100.000     250.000
     92.000     300.000       0.000
    129.000     100.000     250.000
    129.000     300.000       0.000
    169.000     100.000     250.000
    169.000     300.000       0.000
     46.000     100.000     250.000
     46.000     300.000       0.000
    117.000     100.000     250.000
    117.000     300.000       0.000
     21.000     100.000     250.000
     21.000     300.000       0.000
    116.000     100.000     250.000
    116.000     300.000       0.000
    163.000     100.000     250.000
    163.000     300.000       0.000
