      1.000     100.000     250.000
      1.000     300.000       0.000
    100.000     100.000     250.000
    100.000     300.000       0.000
    110.000     100.000     250.000
    110.000     300.000       0.000
     41.000     100.000     250.000
     41.000     300.000       0.000
     33.000     100.000     250.000
     33.000     300.000       0.000
     20.000     100.000     250.000
     20.000     300.000       0.000
    128.000     100.000     250.000
    128.000     300.000       0.000
      8.000     100.000     250.000
      8.000     300.000       0.000
    161.000     100.000     250.000
    161.000     300.000       0.000
     90.000     100.000     250.000
     90.000     300.000       0.000
