    148.000     100.000     250.000
    148.000     300.000       0.000
     88.000     100.000     250.000
     88.000     300.000       0.000
     12.000     100.000     250.000
     12.000     300.000       0.000
    145.000     100.000     250.000
    145.000     300.000       0.000
    166.000     100.000     250.000
    166.000     300.000       0.000
     80.000     100.000     250.000
     80.000     300.000       0.000
    164.000     100.000     250.000
    164.000     300.000       0.000
