    187.000     100.000     250.000
    187.000     300.000       0.000
    170.000     100.000     250.000
    170.000     300.000       0.000
     85.000     100.000     250.000
     85.000     300.000       0.000
    130.000     100.000     250.000
    130.000     300.000       0.000
     95.000     100.000     250.000
     95.000     300.000       0.000
     27.000     100.000     250.000
     27.000     300.000       0.000
    117.000     100.000     250.000
    117.000     300.000       0.000
     96.000     100.000     250.000
     96.000     300.000       0.000
    141.000     100.000     250.000
    141.000     300.000       0.000
