    119.000     100.000     250.000
    119.000     300.000       0.000
    146.000     100.000     250.000
    146.000     300.000       0.000
    108.000     100.000     250.000
    108.000     300.000       0.000
    120.000     100.000     250.000
    120.000     300.000       0.000
    174.000     100.000     250.000
    174.000     300.000       0.000
     50.000     100.000     250.000
     50.000     300.000       0.000
    152.000     100.000     250.000
    152.000     300.000       0.000
    174.000     100.000     250.000
    174.000     300.000       0.000
     25.000     100.000     250.000
     25.000     300.000       0.000
