     83.000     100.000     250.000
     83.000     300.000       0.000
     84.000     100.000     250.000
     84.000     300.000       0.000
     82.000     100.000     250.000
     82.000     300.000       0.000
     25.000     100.000     250.000
     25.000     300.000       0.000
     37.000     100.000     250.000
     37.000     300.000       0.000
    140.000     100.000     250.000
    140.000     300.000       0.000
     23.000     100.000     250.000
     23.000     300.000       0.000
     66.000     100.000     250.000
     66.000     300.000       0.000
