     82.000     100.000     250.000
     82.000     300.000       0.000
    149.000     100.000     250.000
    149.000     300.000       0.000
     22.000     100.000     250.000
     22.000     300.000       0.000
    151.000     100.000     250.000
    151.000     300.000       0.000
    119.000     100.000     250.000
    119.000     300.000       0.000
     26.000     100.000     250.000
     26.000     300.000       0.000
    160.000     100.000     250.000
    160.000     300.000       0.000
