    135.000     100.000     250.000
    135.000     300.000       0.000
     12.000     100.000     250.000
     12.000     300.000       0.000
    164.000     100.000     250.000
    164.000     300.000       0.000
     56.000     100.000     250.000
     56.000     300.000       0.000
    145.000     100.000     250.000
    145.000     300.000       0.000
     61.000     100.000     250.000
     61.000     300.000       0.000
     58.000     100.000     250.000
     58.000     300.000       0.000
     40.000     100.000     250.000
     40.000     300.000       0.000
     19.000     100.000     250.000
     19.000     300.000       0.000
     61.000     100.000     250.000
     61.000     300.000       0.000
