    126.000     100.000     250.000
    126.000     300.000       0.000
    165.000     100.000     250.000
    165.000     300.000       0.000
    115.000     100.000     250.000
    115.000     300.000       0.000
     36.000     100.000     250.000
     36.000     300.000       0.000
     43.000     100.000     250.000
     43.000     300.000       0.000
     70.000     100.000     250.000
     70.000     300.000       0.000
     33.000     100.000     250.000
     33.000     300.000       0.000
    109.000     100.000     250.000
    109.000     300.000       0.000
     89.000     100.000     250.000
     89.000     300.000       0.000
    171.000     100.000     250.000
    171.000     300.000       0.000
