    144.000     100.000     250.000
    144.000     300.000       0.000
     79.000     100.000     250.000
     79.000     300.000       0.000
    163.000     100.000     250.000
    163.000     300.000       0.000
    153.000     100.000     250.000
    153.000     300.000       0.000
    182.000     100.000     250.000
    182.000     300.000       0.000
     65.000     100.000     250.000
     65.000     300.000       0.000
    190.000     100.000     250.000
    190.000     300.000       0.000
