     69.000     100.000     250.000
     69.000     300.000       0.000
    189.000     100.000     250.000
    189.000     300.000       0.000
    164.000     100.000     250.000
    164.000     300.000       0.000
    141.000     100.000     250.000
    141.000     300.000       0.000
    127.000     100.000     250.000
    127.000     300.000       0.000
    142.000     100.000     250.000
    142.000     300.000       0.000
    144.000     100.000     250.000
    144.000     300.000       0.000
    122.000     100.000     250.000
    122.000     300.000       0.000
    116.000     100.000     250.000
    116.000     300.000       0.000
    174.000     100.000     250.000
    174.000     300.000       0.000
