     77.000     100.000     250.000
     77.000     300.000       0.000
     34.000     100.000     250.000
     34.000     300.000       0.000
    131.000     100.000     250.000
    131.000     300.000       0.000
    108.000     100.000     250.000
    108.000     300.000       0.000
     27.000     100.000     250.000
     27.000     300.000       0.000
     85.000     100.000     250.000
     85.000     300.000       0.000
     18.000     100.000     250.000
     18.000     300.000       0.000
     41.000     100.000     250.000
     41.000     300.000       0.000
    173.000     100.000     250.000
    173.000     300.000       0.000
     86.000     100.000     250.000
     86.000     300.000       0.000
