    117.000     100.000     250.000
    117.000     300.000       0.000
    125.000     100.000     250.000
    125.000     300.000       0.000
    124.000     100.000     250.000
    124.000     300.000       0.000
    122.000     100.000     250.000
    122.000     300.000       0.000
     94.000     100.000     250.000
     94.000     300.000       0.000
     10.000     100.000     250.000
     10.000     300.000       0.000
    121.000     100.000     250.000
    121.000     300.000       0.000
