     75.000     100.000     250.000
     75.000     300.000       0.000
     11.000     100.000     250.000
     11.000     300.000       0.000
    107.000     100.000     250.000
    107.000     300.000       0.000
    109.000     100.000     250.000
    109.000     300.000       0.000
    169.000     100.000     250.000
    169.000     300.000       0.000
    113.000     100.000     250.000
    113.000     300.000       0.000
     51.000     100.000     250.000
     51.000     300.000       0.000
    148.000     100.000     250.000
    148.000     300.000       0.000
     22.000     100.000     250.000
     22.000     300.000       0.000
