     88.000     100.000     250.000
     88.000     300.000       0.000
     91.000     100.000     250.000
     91.000     300.000       0.000
     53.000     100.000     250.000
     53.000     300.000       0.000
    106.000     100.000     250.000
    106.000     300.000       0.000
    160.000     100.000     250.000
    160.000     300.000       0.000
    109.000     100.000     250.000
    109.000     300.000       0.000
    105.000     100.000     250.000
    105.000     300.000       0.000
     20.000     100.000     250.000
     20.000     300.000       0.000
