     74.000     100.000     250.000
     74.000     300.000       0.000
    178.000     100.000     250.000
    178.000     300.000       0.000
    189.000     100.000     250.000
    189.000     300.000       0.000
     73.000     100.000     250.000
     73.000     300.000       0.000
     66.000     100.000     250.000
     66.000     300.000       0.000
    120.000     100.000     250.000
    120.000     300.000       0.000
     42.000     100.000     250.000
     42.000     300.000       0.000
