    125.000     100.000     250.000
    125.000     300.000       0.000
    164.000     100.000     250.000
    164.000     300.000       0.000
    128.000     100.000     250.000
    128.000     300.000       0.000
    115.000     100.000     250.000
    115.000     300.000       0.000
    138.000     100.000     250.000
    138.000     300.000       0.000
    126.000     100.000     250.000
    126.000     300.000       0.000
      5.000     100.000     250.000
      5.000     300.000       0.000
     35.000     100.000     250.000
     35.000     300.000       0.000
    120.000     100.000     250.000
    120.000     300.000       0.000
      2.000     100.000     250.000
      2.000     300.000       0.000
