    152.000     100.000     250.000
    152.000     300.000       0.000
     27.000     100.000     250.000
     27.000     300.000       0.000
     65.000     100.000     250.000
     65.000     300.000       0.000
    187.000     100.000     250.000
    187.000     300.000       0.000
     39.000     100.000     250.000
     39.000     300.000       0.000
     46.000     100.000     250.000
     46.000     300.000       0.000
     15.000     100.000     250.000
     15.000     300.000       0.000
     55.000     100.000     250.000
     55.000     300.000       0.000
    164.000     100.000     250.000
    164.000     300.000       0.000
     43.000     100.000     250.000
     43.000     300.000       0.000
