    129.000     100.000     250.000
    129.000     300.000       0.000
    159.000     100.000     250.000
    159.000     300.000       0.000
     79.000     100.000     250.000
     79.000     300.000       0.000
     42.000     100.000     250.000
     42.000     300.000       0.000
      4.000     100.000     250.000
      4.000     300.000       0.000
    160.000     100.000     250.000
    160.000     300.000       0.000
    139.000     100.000     250.000
    139.000     300.000       0.000
     86.000     100.000     250.000
     86.000     300.000       0.000
