     42.000     100.000     250.000
     42.000     300.000       0.000
     36.000     100.000     250.000
     36.000     300.000       0.000
     99.000     100.000     250.000
     99.000     300.000       0.000
    179.000     100.000     250.000
    179.000     300.000       0.000
    157.000     100.000     250.000
    157.000     300.000       0.000
    169.000     100.000     250.000
    169.000     300.000       0.000
     60.000     100.000     250.000
     60.000     300.000       0.000
     87.000     100.000     250.000
     87.000     300.000       0.000
      1.000     100.000     250.000
      1.000     300.000       0.000
