     57.000     100.000     250.000
     57.000     300.000       0.000
    138.000     100.000     250.000
    138.000     300.000       0.000
     86.000     100.000     250.000
     86.000     300.000       0.000
    135.000     100.000     250.000
    135.000     300.000       0.000
    111.000     100.000     250.000
    111.000     300.000       0.000
    186.000     100.000     250.000
    186.000     300.000       0.000
     49.000     100.000     250.000
     49.000     300.000       0.000
    114.000     100.000     250.000
    114.000     300.000       0.000
