    148.000     100.000     250.000
    148.000     300.000       0.000
    128.000     100.000     250.000
    128.000     300.000       0.000
     90.000     100.000     250.000
     90.000     300.000       0.000
    101.000     100.000     250.000
    101.000     300.000       0.000
    159.000     100.000     250.000
    159.000     300.000       0.000
    124.000     100.000     250.000
    124.000     300.000       0.000
     81.000     100.000     250.000
     81.000     300.000       0.000
      0.000     100.000     250.000
      0.000     300.000       0.000
    112.000     100.000     250.000
    112.000     300.000       0.000
    168.000     100.000     250.000
    168.000     300.000       0.000
