    115.000     100.000     250.000
    115.000     300.000       0.000
    185.000     100.000     250.000
    185.000     300.000       0.000
     30.000     100.000     250.000
     30.000     300.000       0.000
    114.000     100.000     250.000
    114.000     300.000       0.000
     31.000     100.000     250.000
     31.000     300.000       0.000
     62.000     100.000     250.000
     62.000     300.000       0.000
    181.000     100.000     250.000
    181.000     300.000       0.000
     73.000     100.000     250.000
     73.000     300.000       0.000
