    139.000     100.000     250.000
    139.000     300.000       0.000
     63.000     100.000     250.000
     63.000     300.000       0.000
    118.000     100.000     250.000
    118.000     300.000       0.000
    113.000     100.000     250.000
    113.000     300.000       0.000
    104.000     100.000     250.000
    104.000     300.000       0.000
     54.000     100.000     250.000
     54.000     300.000       0.000
    163.000     100.000     250.000
    163.000     300.000       0.000
     28.000     100.000     250.000
     28.000     300.000       0.000
     77.000     100.000     250.000
     77.000     300.000       0.000
