     84.000     100.000     250.000
     84.000     300.000       0.000
     46.000     100.000     250.000
     46.000     300.000       0.000
     66.000     100.000     250.000
     66.000     300.000       0.000
     32.000     100.000     250.000
     32.000     300.000       0.000
     82.000     100.000     250.000
     82.000     300.000       0.000
    179.000     100.000     250.000
    179.000     300.000       0.000
    170.000     100.000     250.000
    170.000     300.000       0.000
    155.000     100.000     250.000
    155.000     300.000       0.000
