    119.000     100.000     250.000
    119.000     300.000       0.000
     85.000     100.000     250.000
     85.000     300.000       0.000
    131.000     100.000     250.000
    131.000     300.000       0.000
    145.000     100.000     250.000
    145.000     300.000       0.000
    183.000     100.000     250.000
    183.000     300.000       0.000
    123.000     100.000     250.000
    123.000     300.000       0.000
     30.000     100.000     250.000
     30.000     300.000       0.000
     32.000     100.000     250.000
     32.000     300.000       0.000
     72.000     100.000     250.000
     72.000     300.000       0.000
    181.000     100.000     250.000
    181.000     300.000       0.000
