    177.000     100.000     250.000
    177.000     300.000       0.000
     76.000     100.000     250.000
     76.000     300.000       0.000
    104.000     100.000     250.000
    104.000     300.000       0.000
     46.000     100.000     250.000
     46.000     300.000       0.000
     49.000     100.000     250.000
     49.000     300.000       0.000
     94.000     100.000     250.000
     94.000     300.000       0.000
    187.000     100.000     250.000
    187.000     300.000       0.000
    140.000     100.000     250.000
    140.000     300.000       0.000
     99.000     100.000     250.000
     99.000     300.000       0.000
     84.000     100.000     250.000
     84.000     300.000       0.000
