      2.000     100.000     250.000
      2.000     300.000       0.000
     99.000     100.000     250.000
     99.000     300.000       0.000
     37.000     100.000     250.000
     37.000     300.000       0.000
     23.000     100.000     250.000
     23.000     300.000       0.000
      0.000     100.000     250.000
      0.000     300.000       0.000
    152.000     100.000     250.000
    152.000     300.000       0.000
     82.000     100.000     250.000
     82.000     300.000       0.000
    102.000     100.000     250.000
    102.000     300.000       0.000
    122.000     100.000     250.000
    122.000     300.000       0.000
    164.000     100.000     250.000
    164.000     300.000       0.000
