     68.000     100.000     250.000
     68.000     300.000       0.000
    129.000     100.000     250.000
    129.000     300.000       0.000
    108.000     100.000     250.000
    108.000     300.000       0.000
     54.000     100.000     250.000
     54.000     300.000       0.000
    116.000     100.000     250.000
    116.000     300.000       0.000
    168.000     100.000     250.000
    168.000     300.000       0.000
     53.000     100.000     250.000
     53.000     300.000       0.000
     91.000     100.000     250.000
     91.000     300.000       0.000
