    154.000     100.000     250.000
    154.000     300.000       0.000
     56.000     100.000     250.000
     56.000     300.000       0.000
    159.000     100.000     250.000
    159.000     300.000       0.000
     35.000     100.000     250.000
     35.000     300.000       0.000
     45.000     100.000     250.000
     45.000     300.000       0.000
     14.000     100.000     250.000
     14.000     300.000       0.000
     75.000     100.000     250.000
     75.000     300.000       0.000
     61.000     100.000     250.000
     61.000     300.000       0.000
      0.000     100.000     250.000
      0.000     300.000       0.000
