     37.000     100.000     250.000
     37.000     300.000       0.000
     65.000     100.000     250.000
     65.000     300.000       0.000
    142.000     100.000     250.000
    142.000     300.000       0.000
    136.000     100.000     250.000
    136.000     300.000       0.000
    126.000     100.000     250.000
    126.000     300.000       0.000
     22.000     100.000     250.000
     22.000     300.000       0.000
    120.000     100.000     250.000
    120.000     300.000       0.000
     72.000     100.000     250.000
     72.000     300.000       0.000
     84.000     100.000     250.000
     84.000     300.000       0.000
