     24.000     100.000     250.000
     24.000     300.000       0.000
     45.000     100.000     250.000
     45.000     300.000       0.000
    135.000     100.000     250.000
    135.000     300.000       0.000
    102.000     100.000     250.000
    102.000     300.000       0.000
    104.000     100.000     250.000
    104.000     300.000       0.000
    113.000     100.000     250.000
    113.000     300.000       0.000
     24.000     100.000     250.000
     24.000     300.000       0.000
     12.000     100.000     250.000
     12.000     300.000       0.000
