    146.000     100.000     250.000
    146.000     300.000       0.000
     74.000     100.000     250.000
     74.000     300.000       0.000
    153.000     100.000     250.000
    153.000     300.000       0.000
      0.000     100.000     250.000
      0.000     300.000       0.000
     78.000     100.000     250.000
     78.000     300.000       0.000
    177.000     100.000     250.000
    177.000     300.000       0.000
     10.000     100.000     250.000
     10.000     300.000       0.000
    190.000     100.000     250.000
    190.000     300.000       0.000
