     44.000     100.000     250.000
     44.000     300.000       0.000
    187.000     100.000     250.000
    187.000     300.000       0.000
    174.000     100.000     250.000
    174.000     300.000       0.000
    183.000     100.000     250.000
    183.000     300.000       0.000
      3.000     100.000     250.000
      3.000     300.000       0.000
     15.000     100.000     250.000
     15.000     300.000       0.000
     84.000     100.000     250.000
     84.000     300.000       0.000
