    116.000     100.000     250.000
    116.000     300.000       0.000
     91.000     100.000     250.000
     91.000     300.000       0.000
     73.000     100.000     250.000
     73.000     300.000       0.000
     80.000     100.000     250.000
     80.000     300.000       0.000
     16.000     100.000     250.000
     16.000     300.000       0.000
     87.000     100.000     250.000
     87.000     300.000       0.000
     26.000     100.000     250.000
     26.000     300.000       0.000
     66.000     100.000     250.000
     66.000     300.000       0.000
      4.000     100.000     250.000
      4.000     300.000       0.000
