     45.000     100.000     250.000
     45.000     300.000       0.000
     59.000     100.000     250.000
     59.000     300.000       0.000
     67.000     100.000     250.000
     67.000     300.000       0.000
    103.000     100.000     250.000
    103.000     300.000       0.000
    100.000     100.000     250.000
    100.000     300.000       0.000
    170.000     100.000     250.000
    170.000     300.000       0.000
    160.000     100.000     250.000
    160.000     300.000       0.000
      8.000     100.000     250.000
      8.000     300.000       0.000
     25.000     100.000     250.000
     25.000     300.000       0.000
