    178.000     100.000     250.000
    178.000     300.000       0.000
     84.000     100.000     250.000
     84.000     300.000       0.000
    186.000     100.000     250.000
    186.000     300.000       0.000
    174.000     100.000     250.000
    174.000     300.000       0.000
     75.000     100.000     250.000
     75.000     300.000       0.000
     12.000     100.000     250.000
     12.000     300.000       0.000
    164.000     100.000     250.000
    164.000     300.000       0.000
    143.000     100.000     250.000
    143.000     300.000       0.000
    129.000     100.000     250.000
    129.000     300.000       0.000
    115.000     100.000     250.000
    115.000     300.000       0.000
