     56.000     100.000     250.000
     56.000     300.000       0.000
      3.000     100.000     250.000
      3.000     300.000       0.000
     52.000     100.000     250.000
     52.000     300.000       0.000
     98.000     100.000     250.000
     98.000     300.000       0.000
     61.000     100.000     250.000
     61.000     300.000       0.000
    160.000     100.000     250.000
    160.000     300.000       0.000
     65.000     100.000     250.000
     65.000     300.000       0.000
