    169.000     100.000     250.000
    169.000     300.000       0.000
     70.000     100.000     250.000
     70.000     300.000       0.000
    162.000     100.000     250.000
    162.000     300.000       0.000
     92.000     100.000     250.000
     92.000     300.000       0.000
     44.000     100.000     250.000
     44.000     300.000       0.000
    153.000     100.000     250.000
    153.000     300.000       0.000
    172.000     100.000     250.000
    172.000     300.000       0.000
     35.000     100.000     250.000
     35.000     300.000       0.000
    187.000     100.000     250.000
    187.000     300.000       0.000
     43.000     100.000     250.000
     43.000     300.000       0.000
