     42.000     100.000     250.000
     42.000     300.000       0.000
    129.000     100.000     250.000
    129.000     300.000       0.000
    105.000     100.000     250.000
    105.000     300.000       0.000
     43.000     100.000     250.000
     43.000     300.000       0.000
     84.000     100.000     250.000
     84.000     300.000       0.000
     63.000     100.000     250.000
     63.000     300.000       0.000
     48.000     100.000     250.000
     48.000     300.000       0.000
     46.000     100.000     250.000
     46.000     300.000       0.000
