     22.000     100.000     250.000
     22.000     300.000       0.000
    112.000     100.000     250.000
    112.000     300.000       0.000
    154.000     100.000     250.000
    154.000     300.000       0.000
      6.000     100.000     250.000
      6.000     300.000       0.000
     97.000     100.000     250.000
     97.000     300.000       0.000
     70.000     100.000     250.000
     70.000     300.000       0.000
    123.000     100.000     250.000
    123.000     300.000       0.000
