     18.000     100.000     250.000
     18.000     300.000       0.000
     99.000     100.000     250.000
     99.000     300.000       0.000
     35.000     100.000     250.000
     35.000     300.000       0.000
    103.000     100.000     250.000
    103.000     300.000       0.000
     34.000     100.000     250.000
     34.000     300.000       0.000
     87.000     100.000     250.000
     87.000     300.000       0.000
    108.000     100.000     250.000
    108.000     300.000       0.000
     39.000     100.000     250.000
     39.000     300.000       0.000
    117.000     100.000     250.000
    117.000     300.000       0.000
     41.000     100.000     250.000
     41.000     300.000       0.000
