    170.000     100.000     250.000
    170.000     300.000       0.000
    103.000     100.000     250.000
    103.000     300.000       0.000
     57.000     100.000     250.000
     57.000     300.000       0.000
     59.000     100.000     250.000
     59.000     300.000       0.000
     64.000     100.000     250.000
     64.000     300.000       0.000
     58.000     100.000     250.000
     58.000     300.000       0.000
     13.000     100.000     250.000
     13.000     300.000       0.000
     87.000     100.000     250.000
     87.000     300.000       0.000
    123.000     100.000     250.000
    123.000     300.000       0.000
     38.000     100.000     250.000
     38.000     300.000       0.000
