    118.000     100.000     250.000
    118.000     300.000       0.000
    169.000     100.000     250.000
    169.000     300.000       0.000
     63.000     100.000     250.000
     63.000     300.000       0.000
     48.000     100.000     250.000
     48.000     300.000       0.000
    140.000     100.000     250.000
    140.000     300.000       0.000
      6.000     100.000     250.000
      6.000     300.000       0.000
    123.000     100.000     250.000
    123.000     300.000       0.000
    177.000     100.000     250.000
    177.000     300.000       0.000
