    190.000     100.000     250.000
    190.000     300.000       0.000
    155.000     100.000     250.000
    155.000     300.000       0.000
     46.000     100.000     250.000
     46.000     300.000       0.000
    134.000     100.000     250.000
    134.000     300.000       0.000
    126.000     100.000     250.000
    126.000     300.000       0.000
     25.000     100.000     250.000
     25.000     300.000       0.000
      3.000     100.000     250.000
      3.000     300.000       0.000
     62.000     100.000     250.000
     62.000     300.000       0.000
     34.000     100.000     250.000
     34.000     300.000       0.000
     97.000     100.000     250.000
     97.000     300.000       0.000
