      7.000     100.000     250.000
      7.000     300.000       0.000
    122.000     100.000     250.000
    122.000     300.000       0.000
    135.000     100.000     250.000
    135.000     300.000       0.000
    150.000     100.000     250.000
    150.000     300.000       0.000
     28.000     100.000     250.000
     28.000     300.000       0.000
    132.000     100.000     250.000
    132.000     300.000       0.000
     89.000     100.000     250.000
     89.000     300.000       0.000
    183.000     100.000     250.000
    183.000     300.000       0.000
    154.000     100.000     250.000
    154.000     300.000       0.000
