    167.000     100.000     250.000
    167.000     300.000       0.000
    166.000     100.000     250.000
    166.000     300.000       0.000
    134.000     100.000     250.000
    134.000     300.000       0.000
      0.000     100.000     250.000
      0.000     300.000       0.000
    134.000     100.000     250.000
    134.000     300.000       0.000
    155.000     100.000     250.000
    155.000     300.000       0.000
    122.000     100.000     250.000
    122.000     300.000       0.000
     77.000     100.000     250.000
     77.000     300.000       0.000
