     20.000     100.000     250.000
     20.000     300.000       0.000
     26.000     100.000     250.000
     26.000     300.000       0.000
     22.000     100.000     250.000
     22.000     300.000       0.000
     23.000     100.000     250.000
     23.000     300.000       0.000
     73.000     100.000     250.000
     73.000     300.000       0.000
    187.000     100.000     250.000
    187.000     300.000       0.000
     33.000     100.000     250.000
     33.000     300.000       0.000
