     64.000     100.000     250.000
     64.000     300.000       0.000
    160.000     100.000     250.000
    160.000     300.000       0.000
    125.000     100.000     250.000
    125.000     300.000       0.000
     79.000     100.000     250.000
     79.000     300.000       0.000
    156.000     100.000     250.000
    156.000     300.000       0.000
    161.000     100.000     250.000
    161.000     300.000       0.000
    108.000     100.000     250.000
    108.000     300.000       0.000
    162.000     100.000     250.000
    162.000     300.000       0.000
