     87.000     100.000     250.000
     87.000     300.000       0.000
     41.000     100.000     250.000
     41.000     300.000       0.000
     54.000     100.000     250.000
     54.000     300.000       0.000
    165.000     100.000     250.000
    165.000     300.000       0.000
     70.000     100.000     250.000
     70.000     300.000       0.000
    130.000     100.000     250.000
    130.000     300.000       0.000
     38.000     100.000     250.000
     38.000     300.000       0.000
