    181.000     100.000     250.000
    181.000     300.000       0.000
    175.000     100.000     250.000
    175.000     300.000       0.000
     32.000     100.000     250.000
     32.000     300.000       0.000
     14.000     100.000     250.000
     14.000     300.000       0.000
    166.000     100.000     250.000
    166.000     300.000       0.000
     54.000     100.000     250.000
     54.000     300.000       0.000
    191.000     100.000     250.000
    191.000     300.000       0.000
