    190.000     100.000     250.000
    190.000     300.000       0.000
     26.000     100.000     250.000
     26.000     300.000       0.000
     60.000     100.000     250.000
     60.000     300.000       0.000
     82.000     100.000     250.000
     82.000     300.000       0.000
    191.000     100.000     250.000
    191.000     300.000       0.000
     34.000     100.000     250.000
     34.000     300.000       0.000
     79.000     100.000     250.000
     79.000     300.000       0.000
      2.000     100.000     250.000
      2.000     300.000       0.000
     18.000     100.000     250.000
     18.000     300.000       0.000
