     56.000     100.000     250.000
     56.000     300.000       0.000
     75.000     100.000     250.000
     75.000     300.000       0.000
     43.000     100.000     250.000
     43.000     300.000       0.000
    136.000     100.000     250.000
    136.000     300.000       0.000
     72.000     100.000     250.000
     72.000     300.000       0.000
    115.000     100.000     250.000
    115.000     300.000       0.000
    114.000     100.000     250.000
    114.000     300.000       0.000
    100.000     100.000     250.000
    100.000     300.000       0.000
    165.000     100.000     250.000
    165.000     300.000       0.000
