    152.000     100.000     250.000
    152.000     300.000       0.000
    119.000     100.000     250.000
    119.000     300.000       0.000
     48.000     100.000     250.000
     48.000     300.000       0.000
    150.000     100.000     250.000
    150.000     300.000       0.000
     56.000     100.000     250.000
     56.000     300.000       0.000
     35.000     100.000     250.000
     35.000     300.000       0.000
    191.000     100.000     250.000
    191.000     300.000       0.000
