    143.000     100.000     250.000
    143.000     300.000       0.000
    133.000     100.000     250.000
    133.000     300.000       0.000
     15.000     100.000     250.000
     15.000     300.000       0.000
      3.000     100.000     250.000
      3.000     300.000       0.000
     73.000     100.000     250.000
     73.000     300.000       0.000
     86.000     100.000     250.000
     86.000     300.000       0.000
     91.000     100.000     250.000
     91.000     300.000       0.000
    165.000     100.000     250.000
    165.000     300.000       0.000
     26.000     100.000     250.000
     26.000     300.000       0.000
     28.000     100.000     250.000
     28.000     300.000       0.000
