     41.000     100.000     250.000
     41.000     300.000       0.000
     33.000     100.000     250.000
     33.000     300.000       0.000
    180.000     100.000     250.000
    180.000     300.000       0.000
     74.000     100.000     250.000
     74.000     300.000       0.000
      5.000     100.000     250.000
      5.000     300.000       0.000
    100.000     100.000     250.000
    100.000     300.000       0.000
     12.000     100.000     250.000
     12.000     300.000       0.000
     53.000     100.000     250.000
     53.000     300.000       0.000
