     93.000     100.000     250.000
     93.000     300.000       0.000
     82.000     100.000     250.000
     82.000     300.000       0.000
     19.000     100.000     250.000
     19.000     300.000       0.000
    110.000     100.000     250.000
    110.000     300.000       0.000
    128.000     100.000     250.000
    128.000     300.000       0.000
    159.000     100.000     250.000
    159.000     300.000       0.000
    177.000     100.000     250.000
    177.000     300.000       0.000
     20.000     100.000     250.000
     20.000     300.000       0.000
    108.000     100.000     250.000
    108.000     300.000       0.000
