    134.000     100.000     250.000
    134.000     300.000       0.000
     81.000     100.000     250.000
     81.000     300.000       0.000
    150.000     100.000     250.000
    150.000     300.000       0.000
     72.000     100.000     250.000
     72.000     300.000       0.000
     43.000     100.000     250.000
     43.000     300.000       0.000
     41.000     100.000     250.000
     41.000     300.000       0.000
    177.000     100.000     250.000
    177.000     300.000       0.000
     66.000     100.000     250.000
     66.000     300.000       0.000
