     30.000     100.000     250.000
     30.000     300.000       0.000
    129.000     100.000     250.000
    129.000     300.000       0.000
     72.000     100.000     250.000
     72.000     300.000       0.000
     93.000     100.000     250.000
     93.000     300.000       0.000
    107.000     100.000     250.000
    107.000     300.000       0.000
    100.000     100.000     250.000
    100.000     300.000       0.000
    153.000     100.000     250.000
    153.000     300.000       0.000
     62.000     100.000     250.000
     62.000     300.000       0.000
    156.000     100.000     250.000
    156.000     300.000       0.000
