    138.000     100.000     250.000
    138.000     300.000       0.000
     83.000     100.000     250.000
     83.000     300.000       0.000
     33.000     100.000     250.000
     33.000     300.000       0.000
      3.000     100.000     250.000
      3.000     300.000       0.000
     75.000     100.000     250.000
     75.000     300.000       0.000
     84.000     100.000     250.000
     84.000     300.000       0.000
    114.000     100.000     250.000
    114.000     300.000       0.000
     89.000     100.000     250.000
     89.000     300.000       0.000
     53.000     100.000     250.000
     53.000     300.000       0.000
