    147.000     100.000     250.000
    147.000     300.000       0.000
    114.000     100.000     250.000
    114.000     300.000       0.000
    130.000     100.000     250.000
    130.000     300.000       0.000
    109.000     100.000     250.000
    109.000     300.000       0.000
     60.000     100.000     250.000
     60.000     300.000       0.000
     97.000     100.000     250.000
     97.000     300.000       0.000
    177.000     100.000     250.000
    177.000     300.000       0.000
    103.000     100.000     250.000
    103.000     300.000       0.000
