     62.000     100.000     250.000
     62.000     300.000       0.000
     13.000     100.000     250.000
     13.000     300.000       0.000
    180.000     100.000     250.000
    180.000     300.000       0.000
     43.000     100.000     250.000
     43.000     300.000       0.000
     11.000     100.000     250.000
     11.000     300.000       0.000
     67.000     100.000     250.000
     67.000     300.000       0.000
    130.000     100.000     250.000
    130.000     300.000       0.000
     81.000     100.000     250.000
     81.000     300.000       0.000
