     91.000     100.000     250.000
     91.000     300.000       0.000
    113.000     100.000     250.000
    113.000     300.000       0.000
     74.000     100.000     250.000
     74.000     300.000       0.000
     17.000     100.000     250.000
     17.000     300.000       0.000
    110.000     100.000     250.000
    110.000     300.000       0.000
     68.000     100.000     250.000
     68.000     300.000       0.000
    178.000     100.000     250.000
    178.000     300.000       0.000
     95.000     100.000     250.000
     95.000     300.000       0.000
    191.000     100.000     250.000
    191.000     300.000       0.000
