     16.000     100.000     250.000
     16.000     300.000       0.000
     10.000     100.000     250.000
     10.000     300.000       0.000
      7.000     100.000     250.000
      7.000     300.000       0.000
    130.000     100.000     250.000
    130.000     300.000       0.000
     32.000     100.000     250.000
     32.000     300.000       0.000
    187.000     100.000     250.000
    187.000     300.000       0.000
     41.000     100.000     250.000
     41.000     300.000       0.000
     18.000     100.000     250.000
     18.000     300.000       0.000
    189.000     100.000     250.000
    189.000     300.000       0.000
