    182.000     100.000     250.000
    182.000     300.000       0.000
    181.000     100.000     250.000
    181.000     300.000       0.000
     69.000     100.000     250.000
     69.000     300.000       0.000
    138.000     100.000     250.000
    138.000     300.000       0.000
     53.000     100.000     250.000
     53.000     300.000       0.000
     28.000     100.000     250.000
     28.000     300.000       0.000
    141.000     100.000     250.000
    141.000     300.000       0.000
    107.000     100.000     250.000
    107.000     300.000       0.000
