     20.000     100.000     250.000
     20.000     300.000       0.000
     18.000     100.000     250.000
     18.000     300.000       0.000
    117.000     100.000     250.000
    117.000     300.000       0.000
     44.000     100.000     250.000
     44.000     300.000       0.000
    110.000     100.000     250.000
    110.000     300.000       0.000
     48.000     100.000     250.000
     48.000     300.000       0.000
     80.000     100.000     250.000
     80.000     300.000       0.000
    157.000     100.000     250.000
    157.000     300.000       0.000
    151.000     100.000     250.000
    151.000     300.000       0.000
    167.000     100.000     250.000
    167.000     300.000       0.000
