     80.000     100.000     250.000
     80.000     300.000       0.000
     99.000     100.000     250.000
     99.000     300.000       0.000
      1.000     100.000     250.000
      1.000     300.000       0.000
     16.000     100.000     250.000
     16.000     300.000       0.000
     91.000     100.000     250.000
     91.000     300.000       0.000
    165.000     100.000     250.000
    165.000     300.000       0.000
     72.000     100.000     250.000
     72.000     300.000       0.000
     19.000     100.000     250.000
     19.000     300.000       0.000
