     57.000     100.000     250.000
     57.000     300.000       0.000
      9.000     100.000     250.000
      9.000     300.000       0.000
    187.000     100.000     250.000
    187.000     300.000       0.000
    116.000     100.000     250.000
    116.000     300.000       0.000
     76.000     100.000     250.000
     76.000     300.000       0.000
     72.000     100.000     250.000
     72.000     300.000       0.000
    163.000     100.000     250.000
    163.000     300.000       0.000
