     10.000     100.000     250.000
     10.000     300.000       0.000
    143.000     100.000     250.000
    143.000     300.000       0.000
     38.000     100.000     250.000
     38.000     300.000       0.000
     98.000     100.000     250.000
     98.000     300.000       0.000
     18.000     100.000     250.000
     18.000     300.000       0.000
      8.000     100.000     250.000
      8.000     300.000       0.000
    173.000     100.000     250.000
    173.000     300.000       0.000
