    163.000     100.000     250.000
    163.000     300.000       0.000
     55.000     100.000     250.000
     55.000     300.000       0.000
    175.000     100.000     250.000
    175.000     300.000       0.000
    115.000     100.000     250.000
    115.000     300.000       0.000
     38.000     100.000     250.000
     38.000     300.000       0.000
    111.000     100.000     250.000
    111.000     300.000       0.000
     87.000     100.000     250.000
     87.000     300.000       0.000
