     32.000     100.000     250.000
     32.000     300.000       0.000
     49.000     100.000     250.000
     49.000     300.000       0.000
    133.000     100.000     250.000
    133.000     300.000       0.000
     85.000     100.000     250.000
     85.000     300.000       0.000
    162.000     100.000     250.000
    162.000     300.000       0.000
      3.000     100.000     250.000
      3.000     300.000       0.000
    181.000     100.000     250.000
    181.000     300.000       0.000
    160.000     100.000     250.000
    160.000     300.000       0.000
      7.000     100.000     250.000
      7.000     300.000       0.000
    162.000     100.000     250.000
    162.000     300.000       0.000
