      9.000     100.000     250.000
      9.000     300.000       0.000
     97.000     100.000     250.000
     97.000     300.000       0.000
    122.000     100.000     250.000
    122.000     300.000       0.000
     66.000     100.000     250.000
     66.000     300.000       0.000
    110.000     100.000     250.000
    110.000     300.000       0.000
     63.000     100.000     250.000
     63.000     300.000       0.000
     38.000     100.000     250.000
     38.000     300.000       0.000
    181.000     100.000     250.000
    181.000     300.000       0.000
