     61.000     100.000     250.000
     61.000     300.000       0.000
    113.000     100.000     250.000
    113.000     300.000       0.000
    119.000     100.000     250.000
    119.000     300.000       0.000
    178.000     100.000     250.000
    178.000     300.000       0.000
    134.000     100.000     250.000
    134.000     300.000       0.000
     18.000     100.000     250.000
     18.000     300.000       0.000
      5.000     100.000     250.000
      5.000     300.000       0.000
     26.000     100.000     250.000
     26.000     300.000       0.000
