     98.000     100.000     250.000
     98.000     300.000       0.000
    109.000     100.000     250.000
    109.000     300.000       0.000
     55.000     100.000     250.000
     55.000     300.000       0.000
      9.000     100.000     250.000
      9.000     300.000       0.000
    123.000     100.000     250.000
    123.000     300.000       0.000
      2.000     100.000     250.000
      2.000     300.000       0.000
    133.000     100.000     250.000
    133.000     300.000       0.000
    161.000     100.000     250.000
    161.000     300.000       0.000
    181.000     100.000     250.000
    181.000     300.000       0.000
    137.000     100.000     250.000
    137.000     300.000       0.000
