     93.000     100.000     250.000
     93.000     300.000       0.000
    129.000     100.000     250.000
    129.000     300.000       0.000
    113.000     100.000     250.000
    113.000     300.000       0.000
    116.000     100.000     250.000
    116.000     300.000       0.000
    142.000     100.000     250.000
    142.000     300.000       0.000
    146.000     100.000     250.000
    146.000     300.000       0.000
      3.000     100.000     250.000
      3.000     300.000       0.000
