      3.000     100.000     250.000
      3.000     300.000       0.000
     79.000     100.000     250.000
     79.000     300.000       0.000
    103.000     100.000     250.000
    103.000     300.000       0.000
    148.000     100.000     250.000
    148.000     300.000       0.000
     93.000     100.000     250.000
     93.000     300.000       0.000
    129.000     100.000     250.000
    129.000     300.000       0.000
    108.000     100.000     250.000
    108.000     300.000       0.000
    114.000     100.000     250.000
    114.000     300.000       0.000
