     60.000     100.000     250.000
     60.000     300.000       0.000
     11.000     100.000     250.000
     11.000     300.000       0.000
     81.000     100.000     250.000
     81.000     300.000       0.000
     70.000     100.000     250.000
     70.000     300.000       0.000
    188.000     100.000     250.000
    188.000     300.000       0.000
     73.000     100.000     250.000
     73.000     300.000       0.000
    173.000     100.000     250.000
    173.000     300.000       0.000
