    183.000     100.000     250.000
    183.000     300.000       0.000
     94.000     100.000     250.000
     94.000     300.000       0.000
     56.000     100.000     250.000
     56.000     300.000       0.000
    135.000     100.000     250.000
    135.000     300.000       0.000
     17.000     100.000     250.000
     17.000     300.000       0.000
    165.000     100.000     250.000
    165.000     300.000       0.000
    125.000     100.000     250.000
    125.000     300.000       0.000
