    115.000     100.000     250.000
    115.000     300.000       0.000
    145.000     100.000     250.000
    145.000     300.000       0.000
     28.000     100.000     250.000
     28.000     300.000       0.000
    178.000     100.000     250.000
    178.000     300.000       0.000
     23.000     100.000     250.000
     23.000     300.000       0.000
    151.000     100.000     250.000
    151.000     300.000       0.000
      5.000     100.000     250.000
      5.000     300.000       0.000
     66.000     100.000     250.000
     66.000     300.000       0.000
