     27.000     100.000     250.000
     27.000     300.000       0.000
    164.000     100.000     250.000
    164.000     300.000       0.000
     20.000     100.000     250.000
     20.000     300.000       0.000
    169.000     100.000     250.000
    169.000     300.000       0.000
    133.000     100.000     250.000
    133.000     300.000       0.000
    146.000     100.000     250.000
    146.000     300.000       0.000
     57.000     100.000     250.000
     57.000     300.000       0.000
     94.000     100.000     250.000
     94.000     300.000       0.000
     98.000     100.000     250.000
     98.000     300.000       0.000
    150.000     100.000     250.000
    150.000     300.000       0.000
