    120.000     100.000     250.000
    120.000     300.000       0.000
    134.000     100.000     250.000
    134.000     300.000       0.000
     89.000     100.000     250.000
     89.000     300.000       0.000
    145.000     100.000     250.000
    145.000     300.000       0.000
     35.000     100.000     250.000
     35.000     300.000       0.000
     91.000     100.000     250.000
     91.000     300.000       0.000
    104.000     100.000     250.000
    104.000     300.000       0.000
     99.000     100.000     250.000
     99.000     300.000       0.000
    134.000     100.000     250.000
    134.000     300.000       0.000
     13.000     100.000     250.000
     13.000     300.000       0.000
