    186.000     100.000     250.000
    186.000     300.000       0.000
    134.000     100.000     250.000
    134.000     300.000       0.000
     79.000     100.000     250.000
     79.000     300.000       0.000
     78.000     100.000     250.000
     78.000     300.000       0.000
    188.000     100.000     250.000
    188.000     300.000       0.000
    172.000     100.000     250.000
    172.000     300.000       0.000
    149.000     100.000     250.000
    149.000     300.000       0.000
     98.000     100.000     250.000
     98.000     300.000       0.000
