     80.000     100.000     250.000
     80.000     300.000       0.000
    182.000     100.000     250.000
    182.000     300.000       0.000
     43.000     100.000     250.000
     43.000     300.000       0.000
    189.000     100.000     250.000
    189.000     300.000       0.000
     39.000     100.000     250.000
     39.000     300.000       0.000
     61.000     100.000     250.000
     61.000     300.000       0.000
     31.000     100.000     250.000
     31.000     300.000       0.000
