     26.000     100.000     250.000
     26.000     300.000       0.000
    161.000     100.000     250.000
    161.000     300.000       0.000
     83.000     100.000     250.000
     83.000     300.000       0.000
     32.000     100.000     250.000
     32.000     300.000       0.000
    175.000     100.000     250.000
    175.000     300.000       0.000
     38.000     100.000     250.000
     38.000     300.000       0.000
    186.000     100.000     250.000
    186.000     300.000       0.000
     48.000     100.000     250.000
     48.000     300.000       0.000
