     46.000     100.000     250.000
     46.000     300.000       0.000
    130.000     100.000     250.000
    130.000     300.000       0.000
     46.000     100.000     250.000
     46.000     300.000       0.000
     39.000     100.000     250.000
     39.000     300.000       0.000
    102.000     100.000     250.000
    102.000     300.000       0.000
     45.000     100.000     250.000
     45.000     300.000       0.000
     19.000     100.000     250.000
     19.000     300.000       0.000
     58.000     100.000     250.000
     58.000     300.000       0.000
     65.000     100.000     250.000
     65.000     300.000       0.000
    191.000     100.000     250.000
    191.000     300.000       0.000
