     99.000     100.000     250.000
     99.000     300.000       0.000
     15.000     100.000     250.000
     15.000     300.000       0.000
    120.000     100.000     250.000
    120.000     300.000       0.000
    160.000     100.000     250.000
    160.000     300.000       0.000
    140.000     100.000     250.000
    140.000     300.000       0.000
     14.000     100.000     250.000
     14.000     300.000       0.000
    125.000     100.000     250.000
    125.000     300.000       0.000
