    177.000     100.000     250.000
    177.000     300.000       0.000
    114.000     100.000     250.000
    114.000     300.000       0.000
    137.000     100.000     250.000
    137.000     300.000       0.000
     30.000     100.000     250.000
     30.000     300.000       0.000
     93.000     100.000     250.000
     93.000     300.000       0.000
     66.000     100.000     250.000
     66.000     300.000       0.000
    188.000     100.000     250.000
    188.000     300.000       0.000
    181.000     100.000     250.000
    181.000     300.000       0.000
     26.000     100.000     250.000
     26.000     300.000       0.000
