     70.000     100.000     250.000
     70.000     300.000       0.000
    171.000     100.000     250.000
    171.000     300.000       0.000
     86.000     100.000     250.000
     86.000     300.000       0.000
    173.000     100.000     250.000
    173.000     300.000       0.000
      4.000     100.000     250.000
      4.000     300.000       0.000
     92.000     100.000     250.000
     92.000     300.000       0.000
    185.000     100.000     250.000
    185.000     300.000       0.000
    120.000     100.000     250.000
    120.000     300.000       0.000
