      3.000     100.000     250.000
      3.000     300.000       0.000
    129.000     100.000     250.000
    129.000     300.000       0.000
    103.000     100.000     250.000
    103.000     300.000       0.000
    161.000     100.000     250.000
    161.000     300.000       0.000
     59.000     100.000     250.000
     59.000     300.000       0.000
     21.000     100.000     250.000
     21.000     300.000       0.000
    164.000     100.000     250.000
    164.000     300.000       0.000
      1.000     100.000     250.000
      1.000     300.000       0.000
