    143.000     100.000     250.000
    143.000     300.000       0.000
    176.000     100.000     250.000
    176.000     300.000       0.000
    100.000     100.000     250.000
    100.000     300.000       0.000
    143.000     100.000     250.000
    143.000     300.000       0.000
     36.000     100.000     250.000
     36.000     300.000       0.000
     31.000     100.000     250.000
     31.000     300.000       0.000
    132.000     100.000     250.000
    132.000     300.000       0.000
    164.000     100.000     250.000
    164.000     300.000       0.000
    138.000     100.000     250.000
    138.000     300.000       0.000
