     74.000     100.000     250.000
     74.000     300.000       0.000
     61.000     100.000     250.000
     61.000     300.000       0.000
    108.000     100.000     250.000
    108.000     300.000       0.000
     97.000     100.000     250.000
     97.000     300.000       0.000
    126.000     100.000     250.000
    126.000     300.000       0.000
     75.000     100.000     250.000
     75.000     300.000       0.000
     36.000     100.000     250.000
     36.000     300.000       0.000
    147.000     100.000     250.000
    147.000     300.000       0.000
    140.000     100.000     250.000
    140.000     300.000       0.000
     93.000     100.000     250.000
     93.000     300.000       0.000
