      3.000     100.000     250.000
      3.000     300.000       0.000
    137.000     100.000     250.000
    137.000     300.000       0.000
    179.000     100.000     250.000
    179.000     300.000       0.000
    155.000     100.000     250.000
    155.000     300.000       0.000
     19.000     100.000     250.000
     19.000     300.000       0.000
     87.000     100.000     250.000
     87.000     300.000       0.000
    157.000     100.000     250.000
    157.000     300.000       0.000
    168.000     100.000     250.000
    168.000     300.000       0.000
