     21.000     100.000     250.000
     21.000     300.000       0.000
    166.000     100.000     250.000
    166.000     300.000       0.000
    111.000     100.000     250.000
    111.000     300.000       0.000
    139.000     100.000     250.000
    139.000     300.000       0.000
    144.000     100.000     250.000
    144.000     300.000       0.000
     86.000     100.000     250.000
     86.000     300.000       0.000
    172.000     100.000     250.000
    172.000     300.000       0.000
    135.000     100.000     250.000
    135.000     300.000       0.000
     95.000     100.000     250.000
     95.000     300.000       0.000
