    125.000     100.000     250.000
    125.000     300.000       0.000
    161.000     100.000     250.000
    161.000     300.000       0.000
     77.000     100.000     250.000
     77.000     300.000       0.000
    168.000     100.000     250.000
    168.000     300.000       0.000
      0.000     100.000     250.000
      0.000     300.000       0.000
    107.000     100.000     250.000
    107.000     300.000       0.000
    149.000     100.000     250.000
    149.000     300.000       0.000
    188.000     100.000     250.000
    188.000     300.000       0.000
    162.000     100.000     250.000
    162.000     300.000       0.000
