     38.000     100.000     250.000
     38.000     300.000       0.000
     61.000     100.000     250.000
     61.000     300.000       0.000
    155.000     100.000     250.000
    155.000     300.000       0.000
    127.000     100.000     250.000
    127.000     300.000       0.000
    105.000     100.000     250.000
    105.000     300.000       0.000
    163.000     100.000     250.000
    163.000     300.000       0.000
    162.000     100.000     250.000
    162.000     300.000       0.000
    136.000     100.000     250.000
    136.000     300.000       0.000
