     68.000     100.000     250.000
     68.000     300.000       0.000
    115.000     100.000     250.000
    115.000     300.000       0.000
     62.000     100.000     250.000
     62.000     300.000       0.000
     28.000     100.000     250.000
     28.000     300.000       0.000
    164.000     100.000     250.000
    164.000     300.000       0.000
    131.000     100.000     250.000
    131.000     300.000       0.000
    168.000     100.000     250.000
    168.000     300.000       0.000
     94.000     100.000     250.000
     94.000     300.000       0.000
