     68.000     100.000     250.000
     68.000     300.000       0.000
     20.000     100.000     250.000
     20.000     300.000       0.000
    123.000     100.000     250.000
    123.000     300.000       0.000
    108.000     100.000     250.000
    108.000     300.000       0.000
    131.000     100.000     250.000
    131.000     300.000       0.000
     40.000     100.000     250.000
     40.000     300.000       0.000
     78.000     100.000     250.000
     78.000     300.000       0.000
