    131.000     100.000     250.000
    131.000     300.000       0.000
      2.000     100.000     250.000
      2.000     300.000       0.000
    124.000     100.000     250.000
    124.000     300.000       0.000
    117.000     100.000     250.000
    117.000     300.000       0.000
     54.000     100.000     250.000
     54.000     300.000       0.000
    170.000     100.000     250.000
    170.000     300.000       0.000
    181.000     100.000     250.000
    181.000     300.000       0.000
    137.000     100.000     250.000
    137.000     300.000       0.000
     91.000     100.000     250.000
     91.000     300.000       0.000
