    162.000     100.000     250.000
    162.000     300.000       0.000
     16.000     100.000     250.000
     16.000     300.000       0.000
    105.000     100.000     250.000
    105.000     300.000       0.000
     99.000     100.000     250.000
     99.000     300.000       0.000
    141.000     100.000     250.000
    141.000     300.000       0.000
     19.000     100.000     250.000
     19.000     300.000       0.000
    139.000     100.000     250.000
    139.000     300.000       0.000
    144.000     100.000     250.000
    144.000     300.000       0.000
     34.000     100.000     250.000
     34.000     300.000       0.000
