     26.000     100.000     250.000
     26.000     300.000       0.000
    177.000     100.000     250.000
    177.000     300.000       0.000
    138.000     100.000     250.000
    138.000     300.000       0.000
     32.000     100.000     250.000
     32.000     300.000       0.000
    142.000     100.000     250.000
    142.000     300.000       0.000
    136.000     100.000     250.000
    136.000     300.000       0.000
    132.000     100.000     250.000
    132.000     300.000       0.000
    101.000     100.000     250.000
    101.000     300.000       0.000
