    117.000     100.000     250.000
    117.000     300.000       0.000
    145.000     100.000     250.000
    145.000     300.000       0.000
    183.000     100.000     250.000
    183.000     300.000       0.000
     87.000     100.000     250.000
     87.000     300.000       0.000
     85.000     100.000     250.000
     85.000     300.000       0.000
     20.000     100.000     250.000
     20.000     300.000       0.000
     56.000     100.000     250.000
     56.000     300.000       0.000
      0.000     100.000     250.000
      0.000     300.000       0.000
     18.000     100.000     250.000
     18.000     300.000       0.000
