     28.000     100.000     250.000
     28.000     300.000       0.000
     24.000     100.000     250.000
     24.000     300.000       0.000
     30.000     100.000     250.000
     30.000     300.000       0.000
    124.000     100.000     250.000
    124.000     300.000       0.000
      9.000     100.000     250.000
      9.000     300.000       0.000
    140.000     100.000     250.000
    140.000     300.000       0.000
    145.000     100.000     250.000
    145.000     300.000       0.000
    117.000     100.000     250.000
    117.000     300.000       0.000
