     55.000     100.000     250.000
     55.000     300.000       0.000
     24.000     100.000     250.000
     24.000     300.000       0.000
     64.000     100.000     250.000
     64.000     300.000       0.000
    188.000     100.000     250.000
    188.000     300.000       0.000
     85.000     100.000     250.000
     85.000     300.000       0.000
    155.000     100.000     250.000
    155.000     300.000       0.000
     26.000     100.000     250.000
     26.000     300.000       0.000
     17.000     100.000     250.000
     17.000     300.000       0.000
