    176.000     100.000     250.000
    176.000     300.000       0.000
     66.000     100.000     250.000
     66.000     300.000       0.000
    113.000     100.000     250.000
    113.000     300.000       0.000
     82.000     100.000     250.000
     82.000     300.000       0.000
     11.000     100.000     250.000
     11.000     300.000       0.000
    173.000     100.000     250.000
    173.000     300.000       0.000
    125.000     100.000     250.000
    125.000     300.000       0.000
     27.000     100.000     250.000
     27.000     300.000       0.000
    112.000     100.000     250.000
    112.000     300.000       0.000
    182.000     100.000     250.000
    182.000     300.000       0.000
