    149.000     100.000     250.000
    149.000     300.000       0.000
    154.000     100.000     250.000
    154.000     300.000       0.000
    154.000     100.000     250.000
    154.000     300.000       0.000
    155.000     100.000     250.000
    155.000     300.000       0.000
    110.000     100.000     250.000
    110.000     300.000       0.000
    114.000     100.000     250.000
    114.000     300.000       0.000
    122.000     100.000     250.000
    122.000     300.000       0.000
     63.000     100.000     250.000
     63.000     300.000       0.000
     76.000     100.000     250.000
     76.000     300.000       0.000
