    126.000     100.000     250.000
    126.000     300.000       0.000
     80.000     100.000     250.000
     80.000     300.000       0.000
    166.000     100.000     250.000
    166.000     300.000       0.000
     57.000     100.000     250.000
     57.000     300.000       0.000
    136.000     100.000     250.000
    136.000     300.000       0.000
     33.000     100.000     250.000
     33.000     300.000       0.000
    131.000     100.000     250.000
    131.000     300.000       0.000
    152.000     100.000     250.000
    152.000     300.000       0.000
    185.000     100.000     250.000
    185.000     300.000       0.000
    110.000     100.000     250.000
    110.000     300.000       0.000
