     92.000     100.000     250.000
     92.000     300.000       0.000
     81.000     100.000     250.000
     81.000     300.000       0.000
     47.000     100.000     250.000
     47.000     300.000       0.000
    145.000     100.000     250.000
    145.000     300.000       0.000
    108.000     100.000     250.000
    108.000     300.000       0.000
    152.000     100.000     250.000
    152.000     300.000       0.000
    186.000     100.000     250.000
    186.000     300.000       0.000
     13.000     100.000     250.000
     13.000     300.000       0.000
