    137.000     100.000     250.000
    137.000     300.000       0.000
    126.000     100.000     250.000
    126.000     300.000       0.000
    141.000     100.000     250.000
    141.000     300.000       0.000
     73.000     100.000     250.000
     73.000     300.000       0.000
    168.000     100.000     250.000
    168.000     300.000       0.000
     66.000     100.000     250.000
     66.000     300.000       0.000
    172.000     100.000     250.000
    172.000     300.000       0.000
    186.000     100.000     250.000
    186.000     300.000       0.000
    164.000     100.000     250.000
    164.000     300.000       0.000
    101.000     100.000     250.000
    101.000     300.000       0.000
