    142.000     100.000     250.000
    142.000     300.000       0.000
      3.000     100.000     250.000
      3.000     300.000       0.000
     94.000     100.000     250.000
     94.000     300.000       0.000
     63.000     100.000     250.000
     63.000     300.000       0.000
     99.000     100.000     250.000
     99.000     300.000       0.000
    108.000     100.000     250.000
    108.000     300.000       0.000
     95.000     100.000     250.000
     95.000     300.000       0.000
