     36.000     100.000     250.000
     36.000     300.000       0.000
     17.000     100.000     250.000
     17.000     300.000       0.000
    186.000     100.000     250.000
    186.000     300.000       0.000
     29.000     100.000     250.000
     29.000     300.000       0.000
    189.000     100.000     250.000
    189.000     300.000       0.000
     67.000     100.000     250.000
     67.000     300.000       0.000
    124.000     100.000     250.000
    124.000     300.000       0.000
     16.000     100.000     250.000
     16.000     300.000       0.000
    152.000     100.000     250.000
    152.000     300.000       0.000
