     45.000     100.000     250.000
     45.000     300.000       0.000
    123.000     100.000     250.000
    123.000     300.000       0.000
    132.000     100.000     250.000
    132.000     300.000       0.000
     42.000     100.000     250.000
     42.000     300.000       0.000
    128.000     100.000     250.000
    128.000     300.000       0.000
     95.000     100.000     250.000
     95.000     300.000       0.000
    103.000     100.000     250.000
    103.000     300.000       0.000
    172.000     100.000     250.000
    172.000     300.000       0.000
