0.000 100.000 1.000
0.000 111.000 4.000
0.000 122.000 6.000
0.000 133.000 8.000
0.000 300.000 0.000
1.000 117.000 1.000
1.000 140.000 2.000
1.000 224.000 3.000
1.000 300.000 0.000
2.000 106.000 2.000
2.000 117.000 34.000
2.000 300.000 0.000
3.000 146.000 1.000
3.000 157.000 2.000
3.000 247.000 3.000
3.000 258.000 5.000
3.000 300.000 0.000
4.000 111.000 2.000
4.000 127.000 4.000
4.000 138.000 5.000
4.000 300.000 0.000
5.000 100.000 12.000
5.000 111.000 40.000
5.000 300.000 0.000
6.000 100.000 4.000
6.000 111.000 48.000
6.000 122.000 52.000
6.000 139.000 56.000
6.000 300.000 0.000
7.000 100.000 11.000
7.000 111.000 31.000
7.000 300.000 0.000
8.000 100.000 6.000
8.000 111.000 9.000
8.000 122.000 36.000
8.000 300.000 0.000
9.000 100.000 7.000
9.000 137.000 12.000
9.000 300.000 0.000
11.000 100.000 2.000
11.000 112.000 3.000
11.000 123.000 4.000
11.000 300.000 0.000
12.000 137.000 1.000
12.000 148.000 2.000
12.000 159.000 7.000
12.000 300.000 0.000
13.000 100.000 7.000
13.000 141.000 9.000
13.000 152.000 13.000
13.000 300.000 0.000
14.000 100.000 1.000
14.000 300.000 0.000
15.000 110.000 1.000
15.000 143.000 2.000
15.000 157.000 3.000
15.000 300.000 0.000
16.000 100.000 4.000
16.000 111.000 29.000
16.000 300.000 0.000
17.000 117.000 1.000
17.000 300.000 0.000
18.000 100.000 12.000
18.000 140.000 14.000
18.000 300.000 0.000
19.000 107.000 1.000
19.000 118.000 7.000
19.000 137.000 9.000
19.000 300.000 0.000
20.000 100.000 11.000
20.000 111.000 35.000
20.000 300.000 0.000
21.000 106.000 1.000
21.000 300.000 0.000
22.000 209.000 1.000
22.000 241.000 2.000
22.000 252.000 4.000
22.000 300.000 0.000
23.000 100.000 1.000
23.000 139.000 2.000
23.000 150.000 7.000
23.000 300.000 0.000
24.000 100.000 8.000
24.000 111.000 28.000
24.000 122.000 58.000
24.000 133.000 66.000
24.000 144.000 72.000
24.000 300.000 0.000
25.000 217.000 1.000
25.000 249.000 2.000
25.000 300.000 0.000
26.000 100.000 8.000
26.000 111.000 12.000
26.000 122.000 33.000
26.000 300.000 0.000
27.000 100.000 8.000
27.000 111.000 18.000
27.000 122.000 21.000
27.000 141.000 22.000
27.000 300.000 0.000
28.000 109.000 1.000
28.000 120.000 36.000
28.000 131.000 39.000
28.000 142.000 69.000
28.000 300.000 0.000
29.000 101.000 1.000
29.000 139.000 2.000
29.000 300.000 0.000
30.000 123.000 1.000
30.000 157.000 3.000
30.000 168.000 4.000
30.000 300.000 0.000
31.000 100.000 1.000
31.000 140.000 2.000
31.000 300.000 0.000
32.000 148.000 1.000
32.000 300.000 0.000
33.000 100.000 1.000
33.000 111.000 27.000
33.000 300.000 0.000
35.000 100.000 33.000
35.000 300.000 0.000
36.000 100.000 1.000
36.000 141.000 2.000
36.000 267.000 3.000
36.000 300.000 0.000
37.000 110.000 1.000
37.000 147.000 10.000
37.000 300.000 0.000
38.000 116.000 4.000
38.000 147.000 5.000
38.000 300.000 0.000
39.000 100.000 2.000
39.000 111.000 9.000
39.000 141.000 10.000
39.000 300.000 0.000
40.000 100.000 53.000
40.000 111.000 92.000
40.000 143.000 96.000
40.000 154.000 209.000
40.000 205.000 4.000
40.000 300.000 0.000
41.000 100.000 2.000
41.000 111.000 6.000
41.000 122.000 9.000
41.000 137.000 17.000
41.000 300.000 0.000
42.000 100.000 1.000
42.000 112.000 2.000
42.000 123.000 5.000
42.000 140.000 6.000
42.000 247.000 8.000
42.000 258.000 11.000
42.000 300.000 0.000
43.000 112.000 8.000
43.000 123.000 10.000
43.000 137.000 13.000
43.000 300.000 0.000
44.000 112.000 4.000
44.000 300.000 0.000
45.000 117.000 2.000
45.000 128.000 8.000
45.000 139.000 23.000
45.000 300.000 0.000
46.000 100.000 3.000
46.000 300.000 0.000
47.000 100.000 2.000
47.000 111.000 21.000
47.000 300.000 0.000
48.000 100.000 10.000
48.000 300.000 0.000
50.000 109.000 1.000
50.000 120.000 20.000
50.000 137.000 25.000
50.000 300.000 0.000
51.000 107.000 1.000
51.000 118.000 6.000
51.000 300.000 0.000
52.000 100.000 2.000
52.000 121.000 3.000
52.000 132.000 4.000
52.000 147.000 6.000
52.000 158.000 7.000
52.000 267.000 12.000
52.000 300.000 0.000
53.000 117.000 2.000
53.000 128.000 3.000
53.000 139.000 4.000
53.000 150.000 6.000
53.000 300.000 0.000
54.000 116.000 1.000
54.000 127.000 2.000
54.000 140.000 3.000
54.000 300.000 0.000
55.000 100.000 1.000
55.000 248.000 2.000
55.000 259.000 3.000
55.000 270.000 4.000
55.000 300.000 0.000
56.000 141.000 1.000
56.000 300.000 0.000
58.000 117.000 1.000
58.000 300.000 0.000
59.000 108.000 1.000
59.000 119.000 8.000
59.000 146.000 10.000
59.000 212.000 14.000
59.000 248.000 15.000
59.000 300.000 0.000
60.000 118.000 1.000
60.000 137.000 2.000
60.000 180.000 3.000
60.000 300.000 0.000
62.000 149.000 1.000
62.000 300.000 0.000
63.000 105.000 1.000
63.000 116.000 7.000
63.000 127.000 9.000
63.000 143.000 11.000
63.000 300.000 0.000
64.000 100.000 8.000
64.000 111.000 21.000
64.000 137.000 23.000
64.000 148.000 24.000
64.000 300.000 0.000
65.000 100.000 21.000
65.000 111.000 45.000
65.000 122.000 69.000
65.000 137.000 92.000
65.000 188.000 1.000
65.000 210.000 2.000
65.000 300.000 0.000
66.000 106.000 1.000
66.000 117.000 3.000
66.000 128.000 8.000
66.000 139.000 11.000
66.000 300.000 0.000
67.000 221.000 1.000
67.000 300.000 0.000
68.000 137.000 1.000
68.000 148.000 2.000
68.000 213.000 3.000
68.000 300.000 0.000
69.000 146.000 1.000
69.000 267.000 2.000
69.000 300.000 0.000
70.000 240.000 1.000
70.000 251.000 2.000
70.000 300.000 0.000
71.000 100.000 5.000
71.000 300.000 0.000
72.000 108.000 1.000
72.000 119.000 4.000
72.000 140.000 6.000
72.000 300.000 0.000
73.000 100.000 3.000
73.000 111.000 8.000
73.000 122.000 12.000
73.000 300.000 0.000
74.000 100.000 5.000
74.000 116.000 6.000
74.000 300.000 0.000
75.000 143.000 1.000
75.000 300.000 0.000
76.000 147.000 1.000
76.000 300.000 0.000
77.000 100.000 1.000
77.000 112.000 10.000
77.000 141.000 13.000
77.000 300.000 0.000
78.000 100.000 2.000
78.000 300.000 0.000
79.000 107.000 7.000
79.000 120.000 8.000
79.000 131.000 12.000
79.000 142.000 15.000
79.000 300.000 0.000
80.000 140.000 1.000
80.000 300.000 0.000
82.000 100.000 10.000
82.000 111.000 25.000
82.000 122.000 26.000
82.000 137.000 34.000
82.000 300.000 0.000
83.000 100.000 14.000
83.000 139.000 15.000
83.000 300.000 0.000
84.000 100.000 1.000
84.000 120.000 2.000
84.000 131.000 5.000
84.000 142.000 10.000
84.000 300.000 0.000
85.000 118.000 1.000
85.000 251.000 2.000
85.000 267.000 3.000
85.000 300.000 0.000
86.000 146.000 3.000
86.000 300.000 0.000
87.000 107.000 2.000
87.000 118.000 10.000
87.000 129.000 14.000
87.000 140.000 21.000
87.000 300.000 0.000
89.000 146.000 2.000
89.000 300.000 0.000
90.000 100.000 2.000
90.000 247.000 3.000
90.000 258.000 9.000
90.000 300.000 0.000
91.000 107.000 1.000
91.000 118.000 8.000
91.000 137.000 10.000
91.000 300.000 0.000
92.000 116.000 3.000
92.000 300.000 0.000
93.000 109.000 1.000
93.000 137.000 2.000
93.000 300.000 0.000
94.000 117.000 1.000
94.000 128.000 2.000
94.000 143.000 3.000
94.000 244.000 4.000
94.000 255.000 5.000
94.000 267.000 8.000
94.000 300.000 0.000
95.000 100.000 43.000
95.000 300.000 0.000
96.000 110.000 1.000
96.000 121.000 4.000
96.000 137.000 6.000
96.000 300.000 0.000
97.000 117.000 1.000
97.000 128.000 2.000
97.000 139.000 3.000
97.000 150.000 5.000
97.000 300.000 0.000
98.000 100.000 2.000
98.000 111.000 3.000
98.000 140.000 5.000
98.000 300.000 0.000
99.000 243.000 1.000
99.000 254.000 2.000
99.000 300.000 0.000
100.000 100.000 3.000
100.000 111.000 7.000
100.000 140.000 8.000
100.000 300.000 0.000
101.000 100.000 3.000
101.000 118.000 4.000
101.000 139.000 5.000
101.000 300.000 0.000
102.000 100.000 2.000
102.000 111.000 4.000
102.000 137.000 6.000
102.000 148.000 9.000
102.000 300.000 0.000
103.000 101.000 1.000
103.000 112.000 19.000
103.000 141.000 20.000
103.000 300.000 0.000
104.000 100.000 9.000
104.000 111.000 74.000
104.000 300.000 0.000
105.000 100.000 18.000
105.000 112.000 19.000
105.000 140.000 24.000
105.000 151.000 47.000
105.000 300.000 0.000
106.000 100.000 14.000
106.000 140.000 16.000
106.000 300.000 0.000
107.000 100.000 2.000
107.000 111.000 6.000
107.000 122.000 15.000
107.000 133.000 16.000
107.000 249.000 17.000
107.000 260.000 21.000
107.000 300.000 0.000
108.000 106.000 4.000
108.000 300.000 0.000
109.000 100.000 2.000
109.000 137.000 3.000
109.000 300.000 0.000
110.000 268.000 1.000
110.000 300.000 0.000
111.000 107.000 18.000
111.000 118.000 62.000
111.000 300.000 0.000
112.000 100.000 51.000
112.000 112.000 74.000
112.000 123.000 79.000
112.000 141.000 87.000
112.000 192.000 3.000
112.000 209.000 4.000
112.000 224.000 5.000
112.000 249.000 7.000
112.000 300.000 0.000
113.000 100.000 1.000
113.000 111.000 9.000
113.000 300.000 0.000
114.000 107.000 7.000
114.000 118.000 18.000
114.000 300.000 0.000
115.000 111.000 3.000
115.000 140.000 7.000
115.000 151.000 21.000
115.000 248.000 22.000
115.000 259.000 28.000
115.000 300.000 0.000
116.000 100.000 15.000
116.000 111.000 19.000
116.000 127.000 20.000
116.000 139.000 22.000
116.000 150.000 44.000
116.000 300.000 0.000
117.000 100.000 3.000
117.000 111.000 33.000
117.000 300.000 0.000
118.000 100.000 7.000
118.000 111.000 9.000
118.000 122.000 16.000
118.000 133.000 17.000
118.000 144.000 28.000
118.000 300.000 0.000
119.000 107.000 3.000
119.000 118.000 31.000
119.000 141.000 33.000
119.000 300.000 0.000
120.000 100.000 4.000
120.000 111.000 10.000
120.000 300.000 0.000
121.000 247.000 3.000
121.000 258.000 11.000
121.000 300.000 0.000
122.000 100.000 1.000
122.000 111.000 4.000
122.000 122.000 6.000
122.000 133.000 10.000
122.000 144.000 12.000
122.000 300.000 0.000
123.000 100.000 12.000
123.000 111.000 19.000
123.000 161.000 20.000
123.000 300.000 0.000
124.000 100.000 8.000
124.000 111.000 16.000
124.000 122.000 20.000
124.000 141.000 22.000
124.000 300.000 0.000
125.000 100.000 7.000
125.000 111.000 10.000
125.000 127.000 14.000
125.000 139.000 15.000
125.000 300.000 0.000
126.000 100.000 11.000
126.000 117.000 13.000
126.000 128.000 17.000
126.000 139.000 26.000
126.000 300.000 0.000
128.000 100.000 21.000
128.000 111.000 37.000
128.000 300.000 0.000
129.000 100.000 11.000
129.000 112.000 14.000
129.000 137.000 20.000
129.000 300.000 0.000
130.000 137.000 1.000
130.000 148.000 2.000
130.000 300.000 0.000
131.000 100.000 2.000
131.000 111.000 44.000
131.000 122.000 70.000
131.000 140.000 76.000
131.000 203.000 0.000
131.000 214.000 3.000
131.000 300.000 0.000
132.000 100.000 4.000
132.000 111.000 8.000
132.000 140.000 10.000
132.000 300.000 0.000
133.000 104.000 1.000
133.000 115.000 11.000
133.000 147.000 16.000
133.000 300.000 0.000
134.000 100.000 6.000
134.000 117.000 7.000
134.000 137.000 8.000
134.000 300.000 0.000
135.000 108.000 1.000
135.000 119.000 8.000
135.000 139.000 9.000
135.000 300.000 0.000
136.000 100.000 1.000
136.000 117.000 2.000
136.000 128.000 3.000
136.000 139.000 4.000
136.000 300.000 0.000
137.000 100.000 9.000
137.000 111.000 19.000
137.000 139.000 21.000
137.000 300.000 0.000
138.000 100.000 1.000
138.000 111.000 5.000
138.000 122.000 10.000
138.000 141.000 11.000
138.000 300.000 0.000
139.000 100.000 6.000
139.000 111.000 23.000
139.000 300.000 0.000
140.000 100.000 24.000
140.000 147.000 28.000
140.000 300.000 0.000
141.000 100.000 5.000
141.000 111.000 22.000
141.000 300.000 0.000
142.000 100.000 2.000
142.000 140.000 3.000
142.000 300.000 0.000
143.000 116.000 1.000
143.000 127.000 4.000
143.000 139.000 5.000
143.000 300.000 0.000
144.000 100.000 6.000
144.000 111.000 34.000
144.000 300.000 0.000
145.000 100.000 26.000
145.000 111.000 39.000
145.000 122.000 76.000
145.000 140.000 91.000
145.000 196.000 13.000
145.000 300.000 0.000
146.000 100.000 4.000
146.000 111.000 6.000
146.000 122.000 8.000
146.000 140.000 11.000
146.000 300.000 0.000
147.000 100.000 20.000
147.000 137.000 21.000
147.000 300.000 0.000
149.000 100.000 2.000
149.000 300.000 0.000
150.000 111.000 1.000
150.000 125.000 2.000
150.000 224.000 3.000
150.000 240.000 5.000
150.000 251.000 13.000
150.000 300.000 0.000
151.000 147.000 1.000
151.000 300.000 0.000
153.000 111.000 2.000
153.000 122.000 3.000
153.000 137.000 4.000
153.000 300.000 0.000
154.000 101.000 1.000
154.000 112.000 2.000
154.000 123.000 3.000
154.000 143.000 4.000
154.000 300.000 0.000
155.000 107.000 1.000
155.000 118.000 8.000
155.000 147.000 9.000
155.000 300.000 0.000
156.000 140.000 1.000
156.000 151.000 2.000
156.000 300.000 0.000
157.000 100.000 1.000
157.000 111.000 3.000
157.000 122.000 6.000
157.000 133.000 7.000
157.000 144.000 14.000
157.000 300.000 0.000
158.000 100.000 1.000
158.000 111.000 2.000
158.000 122.000 3.000
158.000 267.000 4.000
158.000 300.000 0.000
159.000 100.000 3.000
159.000 111.000 4.000
159.000 122.000 7.000
159.000 140.000 8.000
159.000 300.000 0.000
160.000 100.000 4.000
160.000 111.000 35.000
160.000 122.000 38.000
160.000 140.000 42.000
160.000 300.000 0.000
161.000 100.000 6.000
161.000 111.000 36.000
161.000 143.000 37.000
161.000 300.000 0.000
162.000 100.000 1.000
162.000 111.000 8.000
162.000 122.000 16.000
162.000 137.000 24.000
162.000 300.000 0.000
163.000 108.000 2.000
163.000 119.000 11.000
163.000 249.000 12.000
163.000 260.000 20.000
163.000 300.000 0.000
164.000 100.000 9.000
164.000 111.000 23.000
164.000 140.000 26.000
164.000 300.000 0.000
165.000 100.000 39.000
165.000 111.000 97.000
165.000 122.000 115.000
165.000 140.000 143.000
165.000 191.000 10.000
165.000 207.000 11.000
165.000 218.000 14.000
165.000 229.000 15.000
165.000 240.000 19.000
165.000 251.000 76.000
165.000 300.000 0.000
166.000 100.000 4.000
166.000 111.000 10.000
166.000 140.000 11.000
166.000 300.000 0.000
167.000 147.000 1.000
167.000 159.000 2.000
167.000 300.000 0.000
168.000 100.000 1.000
168.000 117.000 2.000
168.000 128.000 5.000
168.000 139.000 7.000
168.000 251.000 8.000
168.000 300.000 0.000
169.000 100.000 5.000
169.000 111.000 10.000
169.000 300.000 0.000
170.000 100.000 2.000
170.000 117.000 3.000
170.000 128.000 5.000
170.000 139.000 6.000
170.000 248.000 10.000
170.000 300.000 0.000
171.000 100.000 1.000
171.000 111.000 2.000
171.000 122.000 5.000
171.000 137.000 6.000
171.000 300.000 0.000
172.000 100.000 21.000
172.000 111.000 128.000
172.000 122.000 130.000
172.000 137.000 138.000
172.000 188.000 2.000
172.000 208.000 4.000
172.000 219.000 5.000
172.000 230.000 6.000
172.000 241.000 7.000
172.000 252.000 14.000
172.000 300.000 0.000
173.000 100.000 14.000
173.000 111.000 31.000
173.000 138.000 32.000
173.000 300.000 0.000
174.000 100.000 31.000
174.000 111.000 72.000
174.000 139.000 73.000
174.000 300.000 0.000
175.000 100.000 3.000
175.000 111.000 4.000
175.000 122.000 5.000
175.000 137.000 7.000
175.000 300.000 0.000
176.000 100.000 43.000
176.000 111.000 121.000
176.000 162.000 9.000
176.000 248.000 11.000
176.000 259.000 18.000
176.000 300.000 0.000
177.000 100.000 1.000
177.000 111.000 4.000
177.000 122.000 7.000
177.000 137.000 9.000
177.000 248.000 10.000
177.000 300.000 0.000
178.000 100.000 10.000
178.000 111.000 15.000
178.000 122.000 17.000
178.000 140.000 19.000
178.000 300.000 0.000
179.000 267.000 1.000
179.000 300.000 0.000
180.000 100.000 1.000
180.000 111.000 5.000
180.000 300.000 0.000
181.000 100.000 1.000
181.000 300.000 0.000
182.000 100.000 4.000
182.000 111.000 8.000
182.000 137.000 9.000
182.000 300.000 0.000
183.000 100.000 5.000
183.000 111.000 13.000
183.000 122.000 19.000
183.000 137.000 22.000
183.000 300.000 0.000
184.000 107.000 1.000
184.000 118.000 2.000
184.000 300.000 0.000
185.000 100.000 1.000
185.000 111.000 2.000
185.000 137.000 5.000
185.000 300.000 0.000
186.000 100.000 13.000
186.000 111.000 33.000
186.000 122.000 48.000
186.000 141.000 50.000
186.000 300.000 0.000
187.000 100.000 1.000
187.000 300.000 0.000
189.000 100.000 5.000
189.000 111.000 14.000
189.000 300.000 0.000
190.000 100.000 2.000
190.000 111.000 4.000
190.000 122.000 6.000
190.000 300.000 0.000
