0.000 167.000 -90.000
0.000 208.000 -86.000
0.000 220.000 -85.000
0.000 231.000 -49.000
0.000 242.000 -17.000
0.000 253.000 -12.000
0.000 264.000 -6.000
0.000 275.000 -3.000
0.000 290.000 -2.000
0.000 300.000 0.000
1.000 100.000 3.000
1.000 140.000 5.000
1.000 151.000 19.000
1.000 162.000 25.000
1.000 173.000 65.000
1.000 191.000 70.000
1.000 300.000 0.000
2.000 177.000 4.000
2.000 300.000 0.000
4.000 100.000 1.000
4.000 118.000 2.000
4.000 141.000 4.000
4.000 152.000 5.000
4.000 167.000 7.000
4.000 178.000 8.000
4.000 300.000 0.000
5.000 100.000 1.000
5.000 142.000 2.000
5.000 153.000 3.000
5.000 167.000 5.000
5.000 178.000 11.000
5.000 300.000 0.000
6.000 100.000 7.000
6.000 141.000 8.000
6.000 152.000 12.000
6.000 177.000 13.000
6.000 188.000 14.000
6.000 199.000 16.000
6.000 217.000 26.000
6.000 300.000 0.000
7.000 177.000 3.000
7.000 190.000 4.000
7.000 217.000 5.000
7.000 228.000 8.000
7.000 300.000 0.000
8.000 137.000 1.000
8.000 148.000 5.000
8.000 300.000 0.000
9.000 100.000 9.000
9.000 166.000 12.000
9.000 178.000 14.000
9.000 218.000 16.000
9.000 300.000 0.000
10.000 157.000 1.000
10.000 178.000 2.000
10.000 300.000 0.000
11.000 218.000 -80.000
11.000 229.000 -44.000
11.000 240.000 -30.000
11.000 251.000 -23.000
11.000 262.000 -10.000
11.000 273.000 -6.000
11.000 300.000 0.000
12.000 140.000 1.000
12.000 167.000 2.000
12.000 178.000 7.000
12.000 218.000 10.000
12.000 237.000 12.000
12.000 248.000 14.000
12.000 300.000 0.000
13.000 100.000 6.000
13.000 142.000 9.000
13.000 201.000 10.000
13.000 217.000 14.000
13.000 228.000 19.000
13.000 300.000 0.000
14.000 100.000 1.000
14.000 140.000 2.000
14.000 151.000 4.000
14.000 166.000 5.000
14.000 300.000 0.000
15.000 100.000 2.000
15.000 142.000 3.000
15.000 153.000 4.000
15.000 300.000 0.000
16.000 140.000 1.000
16.000 151.000 3.000
16.000 217.000 4.000
16.000 228.000 7.000
16.000 289.000 9.000
16.000 300.000 0.000
17.000 100.000 15.000
17.000 141.000 23.000
17.000 152.000 26.000
17.000 180.000 27.000
17.000 191.000 52.000
17.000 217.000 64.000
17.000 228.000 84.000
17.000 300.000 0.000
18.000 146.000 1.000
18.000 170.000 2.000
18.000 183.000 3.000
18.000 218.000 5.000
18.000 300.000 0.000
20.000 100.000 1.000
20.000 141.000 2.000
20.000 167.000 4.000
20.000 178.000 5.000
20.000 300.000 0.000
21.000 139.000 1.000
21.000 150.000 3.000
21.000 300.000 0.000
22.000 100.000 3.000
22.000 147.000 4.000
22.000 170.000 5.000
22.000 181.000 6.000
22.000 300.000 0.000
23.000 100.000 2.000
23.000 139.000 4.000
23.000 150.000 15.000
23.000 179.000 16.000
23.000 190.000 17.000
23.000 201.000 22.000
23.000 217.000 50.000
23.000 228.000 76.000
23.000 300.000 0.000
24.000 178.000 1.000
24.000 300.000 0.000
25.000 100.000 1.000
25.000 141.000 2.000
25.000 170.000 3.000
25.000 300.000 0.000
26.000 100.000 5.000
26.000 140.000 7.000
26.000 151.000 25.000
26.000 170.000 29.000
26.000 181.000 47.000
26.000 217.000 79.000
26.000 228.000 98.000
26.000 279.000 11.000
26.000 290.000 17.000
26.000 300.000 0.000
27.000 181.000 1.000
27.000 218.000 4.000
27.000 300.000 0.000
28.000 287.000 1.000
28.000 298.000 4.000
28.000 300.000 0.000
29.000 158.000 1.000
29.000 169.000 2.000
29.000 300.000 0.000
30.000 100.000 3.000
30.000 140.000 4.000
30.000 151.000 11.000
30.000 167.000 12.000
30.000 178.000 13.000
30.000 218.000 16.000
30.000 300.000 0.000
31.000 100.000 2.000
31.000 142.000 3.000
31.000 171.000 4.000
31.000 300.000 0.000
32.000 147.000 1.000
32.000 170.000 2.000
32.000 300.000 0.000
33.000 100.000 14.000
33.000 148.000 17.000
33.000 159.000 19.000
33.000 170.000 22.000
33.000 218.000 23.000
33.000 300.000 0.000
34.000 170.000 1.000
34.000 300.000 0.000
35.000 100.000 1.000
35.000 142.000 2.000
35.000 177.000 5.000
35.000 300.000 0.000
36.000 141.000 1.000
36.000 300.000 0.000
37.000 100.000 1.000
37.000 166.000 2.000
37.000 177.000 3.000
37.000 218.000 4.000
37.000 300.000 0.000
38.000 100.000 6.000
38.000 140.000 7.000
38.000 151.000 21.000
38.000 177.000 25.000
38.000 194.000 26.000
38.000 218.000 41.000
38.000 300.000 0.000
39.000 181.000 1.000
39.000 300.000 0.000
40.000 100.000 7.000
40.000 142.000 8.000
40.000 170.000 14.000
40.000 300.000 0.000
41.000 100.000 3.000
41.000 141.000 4.000
41.000 152.000 8.000
41.000 163.000 9.000
41.000 174.000 24.000
41.000 300.000 0.000
42.000 100.000 2.000
42.000 141.000 4.000
42.000 152.000 5.000
42.000 179.000 6.000
42.000 190.000 7.000
42.000 217.000 13.000
42.000 228.000 24.000
42.000 300.000 0.000
43.000 119.000 1.000
43.000 141.000 2.000
43.000 170.000 4.000
43.000 300.000 0.000
44.000 201.000 1.000
44.000 217.000 2.000
44.000 241.000 3.000
44.000 300.000 0.000
45.000 140.000 1.000
45.000 151.000 2.000
45.000 242.000 4.000
45.000 300.000 0.000
46.000 100.000 1.000
46.000 137.000 2.000
46.000 148.000 16.000
46.000 171.000 17.000
46.000 242.000 20.000
46.000 300.000 0.000
47.000 100.000 2.000
47.000 177.000 3.000
47.000 300.000 0.000
48.000 100.000 3.000
48.000 140.000 4.000
48.000 151.000 10.000
48.000 167.000 11.000
48.000 178.000 25.000
48.000 218.000 47.000
48.000 300.000 0.000
49.000 100.000 1.000
49.000 141.000 2.000
49.000 152.000 3.000
49.000 163.000 4.000
49.000 218.000 5.000
49.000 300.000 0.000
50.000 100.000 1.000
50.000 300.000 0.000
51.000 141.000 1.000
51.000 170.000 2.000
51.000 218.000 4.000
51.000 300.000 0.000
52.000 170.000 1.000
52.000 300.000 0.000
53.000 168.000 1.000
53.000 300.000 0.000
54.000 100.000 5.000
54.000 142.000 6.000
54.000 153.000 7.000
54.000 164.000 8.000
54.000 177.000 12.000
54.000 196.000 13.000
54.000 217.000 15.000
54.000 228.000 21.000
54.000 300.000 0.000
55.000 141.000 1.000
55.000 300.000 0.000
58.000 142.000 1.000
58.000 171.000 2.000
58.000 300.000 0.000
59.000 100.000 5.000
59.000 142.000 7.000
59.000 170.000 10.000
59.000 218.000 12.000
59.000 300.000 0.000
60.000 100.000 10.000
60.000 178.000 14.000
60.000 300.000 0.000
61.000 100.000 2.000
61.000 148.000 3.000
61.000 170.000 4.000
61.000 181.000 6.000
61.000 192.000 7.000
61.000 219.000 8.000
61.000 300.000 0.000
62.000 100.000 3.000
62.000 141.000 4.000
62.000 169.000 5.000
62.000 180.000 20.000
62.000 219.000 21.000
62.000 300.000 0.000
63.000 100.000 1.000
63.000 218.000 3.000
63.000 300.000 0.000
64.000 145.000 1.000
64.000 181.000 2.000
64.000 217.000 3.000
64.000 228.000 4.000
64.000 241.000 5.000
64.000 300.000 0.000
65.000 100.000 1.000
65.000 142.000 2.000
65.000 300.000 0.000
68.000 100.000 3.000
68.000 170.000 4.000
68.000 181.000 12.000
68.000 192.000 15.000
68.000 217.000 26.000
68.000 300.000 0.000
69.000 118.000 1.000
69.000 142.000 2.000
69.000 167.000 3.000
69.000 178.000 6.000
69.000 300.000 0.000
70.000 100.000 1.000
70.000 166.000 2.000
70.000 177.000 5.000
70.000 190.000 6.000
70.000 300.000 0.000
71.000 117.000 1.000
71.000 142.000 2.000
71.000 167.000 4.000
71.000 300.000 0.000
72.000 100.000 1.000
72.000 141.000 2.000
72.000 217.000 3.000
72.000 300.000 0.000
73.000 100.000 10.000
73.000 140.000 20.000
73.000 151.000 54.000
73.000 167.000 60.000
73.000 178.000 63.000
73.000 217.000 66.000
73.000 228.000 84.000
73.000 239.000 121.000
73.000 290.000 39.000
73.000 300.000 0.000
74.000 100.000 2.000
74.000 140.000 5.000
74.000 151.000 10.000
74.000 242.000 11.000
74.000 300.000 0.000
75.000 140.000 1.000
75.000 151.000 2.000
75.000 177.000 3.000
75.000 218.000 4.000
75.000 289.000 5.000
75.000 300.000 0.000
76.000 100.000 10.000
76.000 141.000 12.000
76.000 152.000 17.000
76.000 177.000 27.000
76.000 218.000 28.000
76.000 300.000 0.000
77.000 100.000 1.000
77.000 300.000 0.000
79.000 167.000 1.000
79.000 178.000 5.000
79.000 300.000 0.000
80.000 177.000 1.000
80.000 300.000 0.000
81.000 170.000 1.000
81.000 300.000 0.000
82.000 100.000 1.000
82.000 169.000 2.000
82.000 180.000 4.000
82.000 191.000 5.000
82.000 300.000 0.000
83.000 170.000 1.000
83.000 300.000 0.000
85.000 100.000 9.000
85.000 140.000 10.000
85.000 151.000 33.000
85.000 300.000 0.000
86.000 100.000 3.000
86.000 141.000 4.000
86.000 152.000 6.000
86.000 163.000 7.000
86.000 174.000 9.000
86.000 185.000 11.000
86.000 196.000 12.000
86.000 218.000 14.000
86.000 300.000 0.000
87.000 100.000 2.000
87.000 140.000 4.000
87.000 151.000 12.000
87.000 167.000 13.000
87.000 217.000 17.000
87.000 241.000 19.000
87.000 300.000 0.000
88.000 176.000 1.000
88.000 300.000 0.000
90.000 141.000 1.000
90.000 167.000 2.000
90.000 178.000 5.000
90.000 218.000 6.000
90.000 300.000 0.000
91.000 100.000 10.000
91.000 170.000 17.000
91.000 300.000 0.000
92.000 177.000 1.000
92.000 300.000 0.000
93.000 142.000 1.000
93.000 178.000 2.000
93.000 300.000 0.000
94.000 100.000 2.000
94.000 142.000 3.000
94.000 170.000 5.000
94.000 181.000 7.000
94.000 217.000 8.000
94.000 228.000 13.000
94.000 242.000 18.000
94.000 300.000 0.000
95.000 178.000 1.000
95.000 218.000 2.000
95.000 241.000 3.000
95.000 300.000 0.000
96.000 142.000 1.000
96.000 300.000 0.000
97.000 142.000 1.000
97.000 170.000 2.000
97.000 300.000 0.000
98.000 100.000 4.000
98.000 141.000 6.000
98.000 152.000 11.000
98.000 177.000 14.000
98.000 300.000 0.000
99.000 141.000 1.000
99.000 152.000 2.000
99.000 241.000 4.000
99.000 252.000 7.000
99.000 300.000 0.000
100.000 100.000 7.000
100.000 140.000 10.000
100.000 151.000 27.000
100.000 300.000 0.000
101.000 100.000 6.000
101.000 141.000 8.000
101.000 152.000 9.000
101.000 300.000 0.000
102.000 100.000 1.000
102.000 178.000 2.000
102.000 300.000 0.000
103.000 100.000 10.000
103.000 141.000 11.000
103.000 152.000 14.000
103.000 180.000 16.000
103.000 217.000 22.000
103.000 228.000 41.000
103.000 300.000 0.000
104.000 139.000 1.000
104.000 150.000 5.000
104.000 218.000 9.000
104.000 237.000 10.000
104.000 248.000 15.000
104.000 300.000 0.000
105.000 100.000 1.000
105.000 141.000 3.000
105.000 170.000 5.000
105.000 238.000 6.000
105.000 249.000 8.000
105.000 300.000 0.000
106.000 100.000 7.000
106.000 142.000 8.000
106.000 300.000 0.000
107.000 177.000 1.000
107.000 300.000 0.000
108.000 140.000 1.000
108.000 151.000 4.000
108.000 162.000 5.000
108.000 180.000 6.000
108.000 218.000 10.000
108.000 242.000 14.000
108.000 300.000 0.000
109.000 100.000 10.000
109.000 141.000 20.000
109.000 152.000 34.000
109.000 177.000 64.000
109.000 300.000 0.000
110.000 100.000 1.000
110.000 141.000 2.000
110.000 152.000 3.000
110.000 218.000 4.000
110.000 300.000 0.000
111.000 142.000 1.000
111.000 177.000 2.000
111.000 300.000 0.000
112.000 100.000 3.000
112.000 141.000 7.000
112.000 152.000 12.000
112.000 219.000 13.000
112.000 300.000 0.000
113.000 100.000 2.000
113.000 142.000 3.000
113.000 153.000 4.000
113.000 167.000 5.000
113.000 178.000 16.000
113.000 300.000 0.000
114.000 242.000 1.000
114.000 258.000 2.000
114.000 300.000 0.000
115.000 100.000 15.000
115.000 141.000 21.000
115.000 152.000 37.000
115.000 167.000 52.000
115.000 178.000 68.000
115.000 218.000 75.000
115.000 300.000 0.000
117.000 141.000 1.000
117.000 218.000 2.000
117.000 300.000 0.000
118.000 168.000 1.000
118.000 300.000 0.000
119.000 100.000 1.000
119.000 177.000 2.000
119.000 218.000 3.000
119.000 300.000 0.000
121.000 100.000 2.000
121.000 140.000 4.000
121.000 151.000 13.000
121.000 177.000 14.000
121.000 300.000 0.000
122.000 100.000 1.000
122.000 141.000 3.000
122.000 152.000 5.000
122.000 300.000 0.000
123.000 140.000 1.000
123.000 151.000 2.000
123.000 170.000 3.000
123.000 219.000 4.000
123.000 300.000 0.000
124.000 177.000 1.000
124.000 218.000 3.000
124.000 300.000 0.000
125.000 100.000 2.000
125.000 159.000 3.000
125.000 170.000 4.000
125.000 300.000 0.000
126.000 177.000 1.000
126.000 300.000 0.000
127.000 100.000 3.000
127.000 169.000 4.000
127.000 180.000 13.000
127.000 191.000 14.000
127.000 300.000 0.000
128.000 100.000 4.000
128.000 141.000 5.000
128.000 152.000 7.000
128.000 167.000 10.000
128.000 178.000 17.000
128.000 218.000 29.000
128.000 300.000 0.000
129.000 100.000 1.000
129.000 142.000 2.000
129.000 170.000 3.000
129.000 300.000 0.000
130.000 141.000 1.000
130.000 181.000 2.000
130.000 300.000 0.000
132.000 100.000 3.000
132.000 142.000 4.000
132.000 300.000 0.000
133.000 169.000 1.000
133.000 300.000 0.000
134.000 100.000 2.000
134.000 141.000 4.000
134.000 152.000 6.000
134.000 170.000 7.000
134.000 218.000 10.000
134.000 300.000 0.000
135.000 100.000 1.000
135.000 139.000 2.000
135.000 150.000 13.000
135.000 218.000 15.000
135.000 300.000 0.000
136.000 118.000 1.000
136.000 142.000 2.000
136.000 159.000 3.000
136.000 241.000 5.000
136.000 300.000 0.000
137.000 100.000 2.000
137.000 142.000 3.000
137.000 167.000 4.000
137.000 191.000 5.000
137.000 218.000 7.000
137.000 242.000 8.000
137.000 300.000 0.000
138.000 100.000 2.000
138.000 140.000 4.000
138.000 151.000 15.000
138.000 300.000 0.000
139.000 170.000 1.000
139.000 300.000 0.000
140.000 100.000 3.000
140.000 141.000 6.000
140.000 152.000 10.000
140.000 170.000 12.000
140.000 218.000 13.000
140.000 300.000 0.000
141.000 100.000 2.000
141.000 140.000 4.000
141.000 151.000 13.000
141.000 177.000 14.000
141.000 300.000 0.000
142.000 148.000 1.000
142.000 300.000 0.000
143.000 215.000 1.000
143.000 300.000 0.000
145.000 159.000 1.000
145.000 170.000 2.000
145.000 300.000 0.000
147.000 100.000 1.000
147.000 141.000 3.000
147.000 152.000 4.000
147.000 177.000 5.000
147.000 300.000 0.000
148.000 100.000 7.000
148.000 142.000 8.000
148.000 300.000 0.000
149.000 118.000 1.000
149.000 140.000 2.000
149.000 151.000 6.000
149.000 170.000 7.000
149.000 300.000 0.000
150.000 100.000 1.000
150.000 139.000 2.000
150.000 150.000 10.000
150.000 178.000 11.000
150.000 217.000 12.000
150.000 228.000 20.000
150.000 300.000 0.000
152.000 100.000 6.000
152.000 141.000 7.000
152.000 152.000 12.000
152.000 163.000 13.000
152.000 217.000 16.000
152.000 228.000 20.000
152.000 239.000 28.000
152.000 250.000 75.000
152.000 300.000 0.000
153.000 177.000 2.000
153.000 300.000 0.000
154.000 100.000 11.000
154.000 141.000 12.000
154.000 159.000 13.000
154.000 170.000 21.000
154.000 300.000 0.000
156.000 100.000 8.000
156.000 142.000 9.000
156.000 159.000 10.000
156.000 170.000 11.000
156.000 218.000 14.000
156.000 300.000 0.000
157.000 100.000 2.000
157.000 141.000 3.000
157.000 152.000 4.000
157.000 163.000 5.000
157.000 177.000 6.000
157.000 218.000 7.000
157.000 237.000 8.000
157.000 248.000 13.000
157.000 300.000 0.000
158.000 100.000 2.000
158.000 141.000 3.000
158.000 152.000 4.000
158.000 169.000 6.000
158.000 180.000 7.000
158.000 202.000 8.000
158.000 218.000 15.000
158.000 300.000 0.000
159.000 100.000 2.000
159.000 141.000 3.000
159.000 152.000 4.000
159.000 163.000 5.000
159.000 177.000 6.000
159.000 218.000 8.000
159.000 242.000 13.000
159.000 300.000 0.000
160.000 100.000 13.000
160.000 141.000 16.000
160.000 152.000 19.000
160.000 165.000 20.000
160.000 176.000 64.000
160.000 300.000 0.000
161.000 100.000 19.000
161.000 140.000 23.000
161.000 151.000 54.000
161.000 177.000 75.000
161.000 217.000 109.000
161.000 228.000 173.000
161.000 279.000 30.000
161.000 290.000 41.000
161.000 300.000 0.000
162.000 100.000 1.000
162.000 142.000 2.000
162.000 170.000 4.000
162.000 181.000 8.000
162.000 218.000 11.000
162.000 300.000 0.000
163.000 100.000 1.000
163.000 141.000 2.000
163.000 152.000 3.000
163.000 165.000 4.000
163.000 300.000 0.000
164.000 100.000 1.000
164.000 300.000 0.000
165.000 177.000 -98.000
165.000 188.000 -54.000
165.000 199.000 -45.000
165.000 210.000 -25.000
165.000 239.000 -21.000
165.000 250.000 -15.000
165.000 261.000 -5.000
165.000 272.000 -2.000
165.000 300.000 0.000
166.000 100.000 1.000
166.000 140.000 2.000
166.000 151.000 4.000
166.000 170.000 6.000
166.000 300.000 0.000
167.000 100.000 1.000
167.000 142.000 2.000
167.000 177.000 3.000
167.000 300.000 0.000
168.000 100.000 1.000
168.000 140.000 3.000
168.000 151.000 8.000
168.000 167.000 10.000
168.000 178.000 15.000
168.000 300.000 0.000
169.000 100.000 4.000
169.000 140.000 5.000
169.000 151.000 14.000
169.000 300.000 0.000
170.000 100.000 18.000
170.000 140.000 36.000
170.000 151.000 100.000
170.000 217.000 131.000
170.000 228.000 176.000
170.000 279.000 14.000
170.000 290.000 36.000
170.000 300.000 0.000
171.000 100.000 3.000
171.000 139.000 4.000
171.000 150.000 23.000
171.000 300.000 0.000
172.000 100.000 2.000
172.000 139.000 3.000
172.000 150.000 13.000
172.000 180.000 14.000
172.000 196.000 15.000
172.000 217.000 45.000
172.000 228.000 71.000
172.000 300.000 0.000
174.000 100.000 2.000
174.000 141.000 4.000
174.000 152.000 7.000
174.000 170.000 9.000
174.000 300.000 0.000
176.000 100.000 2.000
176.000 140.000 3.000
176.000 151.000 10.000
176.000 218.000 11.000
176.000 300.000 0.000
177.000 100.000 3.000
177.000 140.000 4.000
177.000 151.000 12.000
177.000 300.000 0.000
178.000 100.000 4.000
178.000 218.000 7.000
178.000 300.000 0.000
179.000 100.000 1.000
179.000 142.000 2.000
179.000 177.000 4.000
179.000 300.000 0.000
180.000 100.000 5.000
180.000 117.000 6.000
180.000 141.000 12.000
180.000 152.000 13.000
180.000 167.000 14.000
180.000 178.000 32.000
180.000 218.000 38.000
180.000 300.000 0.000
181.000 100.000 1.000
181.000 169.000 2.000
181.000 196.000 3.000
181.000 217.000 4.000
181.000 300.000 0.000
182.000 100.000 3.000
182.000 141.000 5.000
182.000 159.000 6.000
182.000 300.000 0.000
183.000 141.000 1.000
183.000 178.000 2.000
183.000 300.000 0.000
185.000 100.000 6.000
185.000 142.000 7.000
185.000 167.000 8.000
185.000 178.000 22.000
185.000 218.000 28.000
185.000 300.000 0.000
187.000 170.000 1.000
187.000 218.000 2.000
187.000 300.000 0.000
189.000 100.000 1.000
189.000 141.000 2.000
189.000 152.000 3.000
189.000 300.000 0.000
190.000 100.000 5.000
190.000 177.000 10.000
190.000 300.000 0.000
