0.000 108.000 1.000
0.000 143.000 2.000
0.000 300.000 0.000
1.000 108.000 1.000
1.000 119.000 3.000
1.000 130.000 5.000
1.000 141.000 11.000
1.000 300.000 0.000
2.000 100.000 1.000
2.000 111.000 2.000
2.000 122.000 9.000
2.000 300.000 0.000
3.000 111.000 1.000
3.000 125.000 2.000
3.000 138.000 3.000
3.000 240.000 4.000
3.000 251.000 8.000
3.000 300.000 0.000
4.000 100.000 3.000
4.000 111.000 11.000
4.000 138.000 12.000
4.000 300.000 0.000
5.000 100.000 7.000
5.000 112.000 8.000
5.000 300.000 0.000
7.000 101.000 1.000
7.000 143.000 2.000
7.000 300.000 0.000
8.000 112.000 4.000
8.000 300.000 0.000
9.000 100.000 2.000
9.000 137.000 5.000
9.000 300.000 0.000
10.000 118.000 1.000
10.000 137.000 2.000
10.000 300.000 0.000
11.000 109.000 1.000
11.000 120.000 3.000
11.000 131.000 4.000
11.000 142.000 5.000
11.000 300.000 0.000
12.000 110.000 1.000
12.000 125.000 2.000
12.000 251.000 3.000
12.000 300.000 0.000
13.000 212.000 1.000
13.000 300.000 0.000
14.000 109.000 2.000
14.000 127.000 3.000
14.000 138.000 9.000
14.000 300.000 0.000
15.000 107.000 1.000
15.000 118.000 4.000
15.000 129.000 5.000
15.000 140.000 8.000
15.000 300.000 0.000
18.000 100.000 1.000
18.000 300.000 0.000
19.000 117.000 3.000
19.000 128.000 8.000
19.000 139.000 10.000
19.000 300.000 0.000
20.000 100.000 4.000
20.000 111.000 73.000
20.000 122.000 83.000
20.000 138.000 87.000
20.000 189.000 2.000
20.000 210.000 3.000
20.000 221.000 6.000
20.000 300.000 0.000
21.000 101.000 1.000
21.000 112.000 2.000
21.000 123.000 3.000
21.000 300.000 0.000
22.000 111.000 9.000
22.000 138.000 11.000
22.000 300.000 0.000
23.000 100.000 5.000
23.000 111.000 30.000
23.000 300.000 0.000
24.000 107.000 1.000
24.000 147.000 3.000
24.000 300.000 0.000
25.000 100.000 1.000
25.000 300.000 0.000
26.000 108.000 1.000
26.000 119.000 11.000
26.000 137.000 17.000
26.000 300.000 0.000
27.000 100.000 7.000
27.000 111.000 28.000
27.000 122.000 50.000
27.000 137.000 52.000
27.000 300.000 0.000
28.000 127.000 1.000
28.000 138.000 6.000
28.000 149.000 8.000
28.000 300.000 0.000
29.000 107.000 1.000
29.000 118.000 3.000
29.000 129.000 7.000
29.000 140.000 12.000
29.000 300.000 0.000
30.000 100.000 5.000
30.000 111.000 31.000
30.000 150.000 32.000
30.000 300.000 0.000
31.000 111.000 2.000
31.000 137.000 3.000
31.000 300.000 0.000
32.000 107.000 1.000
32.000 118.000 3.000
32.000 138.000 4.000
32.000 300.000 0.000
33.000 100.000 1.000
33.000 300.000 0.000
34.000 107.000 1.000
34.000 300.000 0.000
35.000 107.000 3.000
35.000 148.000 4.000
35.000 300.000 0.000
36.000 107.000 3.000
36.000 118.000 16.000
36.000 300.000 0.000
37.000 100.000 1.000
37.000 137.000 2.000
37.000 300.000 0.000
38.000 100.000 6.000
38.000 111.000 23.000
38.000 300.000 0.000
39.000 100.000 4.000
39.000 111.000 12.000
39.000 125.000 14.000
39.000 137.000 17.000
39.000 300.000 0.000
40.000 247.000 1.000
40.000 300.000 0.000
41.000 147.000 5.000
41.000 300.000 0.000
42.000 100.000 1.000
42.000 112.000 6.000
42.000 300.000 0.000
43.000 100.000 1.000
43.000 112.000 2.000
43.000 141.000 4.000
43.000 152.000 5.000
43.000 300.000 0.000
44.000 100.000 2.000
44.000 111.000 10.000
44.000 300.000 0.000
45.000 141.000 1.000
45.000 211.000 2.000
45.000 300.000 0.000
47.000 100.000 5.000
47.000 111.000 42.000
47.000 122.000 49.000
47.000 137.000 54.000
47.000 300.000 0.000
48.000 100.000 3.000
48.000 111.000 9.000
48.000 146.000 10.000
48.000 300.000 0.000
50.000 148.000 3.000
50.000 300.000 0.000
51.000 107.000 1.000
51.000 118.000 3.000
51.000 137.000 5.000
51.000 300.000 0.000
52.000 110.000 1.000
52.000 121.000 2.000
52.000 140.000 3.000
52.000 300.000 0.000
53.000 100.000 1.000
53.000 111.000 8.000
53.000 122.000 11.000
53.000 137.000 16.000
53.000 300.000 0.000
54.000 117.000 1.000
54.000 128.000 5.000
54.000 139.000 6.000
54.000 300.000 0.000
55.000 100.000 1.000
55.000 111.000 2.000
55.000 147.000 5.000
55.000 300.000 0.000
56.000 100.000 1.000
56.000 112.000 2.000
56.000 212.000 3.000
56.000 300.000 0.000
58.000 120.000 1.000
58.000 300.000 0.000
59.000 121.000 1.000
59.000 132.000 2.000
59.000 143.000 5.000
59.000 300.000 0.000
60.000 100.000 2.000
60.000 111.000 4.000
60.000 122.000 8.000
60.000 133.000 13.000
60.000 144.000 15.000
60.000 300.000 0.000
62.000 100.000 2.000
62.000 111.000 11.000
62.000 300.000 0.000
63.000 120.000 2.000
63.000 131.000 5.000
63.000 142.000 11.000
63.000 300.000 0.000
64.000 100.000 4.000
64.000 111.000 22.000
64.000 122.000 51.000
64.000 138.000 62.000
64.000 300.000 0.000
65.000 100.000 1.000
65.000 143.000 2.000
65.000 300.000 0.000
66.000 100.000 6.000
66.000 111.000 19.000
66.000 300.000 0.000
67.000 100.000 6.000
67.000 111.000 29.000
67.000 300.000 0.000
68.000 100.000 1.000
68.000 111.000 6.000
68.000 300.000 0.000
69.000 100.000 3.000
69.000 111.000 14.000
69.000 300.000 0.000
70.000 118.000 1.000
70.000 300.000 0.000
71.000 107.000 1.000
71.000 137.000 2.000
71.000 300.000 0.000
72.000 100.000 1.000
72.000 111.000 4.000
72.000 122.000 5.000
72.000 138.000 6.000
72.000 300.000 0.000
73.000 100.000 2.000
73.000 111.000 9.000
73.000 137.000 12.000
73.000 300.000 0.000
74.000 100.000 5.000
74.000 112.000 8.000
74.000 149.000 12.000
74.000 249.000 13.000
74.000 300.000 0.000
75.000 106.000 1.000
75.000 117.000 24.000
75.000 138.000 26.000
75.000 300.000 0.000
76.000 213.000 1.000
76.000 300.000 0.000
77.000 107.000 1.000
77.000 118.000 9.000
77.000 300.000 0.000
78.000 107.000 1.000
78.000 120.000 2.000
78.000 131.000 4.000
78.000 142.000 5.000
78.000 300.000 0.000
79.000 113.000 -88.000
79.000 124.000 -25.000
79.000 135.000 -12.000
79.000 146.000 -6.000
79.000 157.000 1.000
79.000 209.000 2.000
79.000 220.000 4.000
79.000 249.000 5.000
79.000 300.000 0.000
80.000 100.000 1.000
80.000 111.000 9.000
80.000 122.000 11.000
80.000 138.000 12.000
80.000 300.000 0.000
81.000 111.000 1.000
81.000 122.000 7.000
81.000 133.000 8.000
81.000 144.000 12.000
81.000 300.000 0.000
82.000 112.000 4.000
82.000 123.000 9.000
82.000 137.000 11.000
82.000 300.000 0.000
83.000 106.000 1.000
83.000 117.000 4.000
83.000 147.000 9.000
83.000 300.000 0.000
84.000 117.000 1.000
84.000 128.000 2.000
84.000 141.000 3.000
84.000 213.000 4.000
84.000 300.000 0.000
85.000 117.000 1.000
85.000 300.000 0.000
86.000 137.000 1.000
86.000 148.000 5.000
86.000 300.000 0.000
87.000 109.000 1.000
87.000 120.000 8.000
87.000 300.000 0.000
88.000 108.000 1.000
88.000 300.000 0.000
89.000 249.000 1.000
89.000 300.000 0.000
90.000 120.000 1.000
90.000 131.000 4.000
90.000 142.000 10.000
90.000 300.000 0.000
91.000 107.000 1.000
91.000 118.000 31.000
91.000 138.000 33.000
91.000 300.000 0.000
92.000 100.000 1.000
92.000 112.000 3.000
92.000 138.000 4.000
92.000 300.000 0.000
93.000 100.000 4.000
93.000 111.000 5.000
93.000 137.000 6.000
93.000 300.000 0.000
94.000 117.000 3.000
94.000 128.000 6.000
94.000 139.000 9.000
94.000 300.000 0.000
95.000 100.000 11.000
95.000 111.000 48.000
95.000 140.000 51.000
95.000 300.000 0.000
96.000 100.000 1.000
96.000 111.000 5.000
96.000 138.000 6.000
96.000 300.000 0.000
97.000 100.000 2.000
97.000 111.000 17.000
97.000 300.000 0.000
98.000 100.000 2.000
98.000 111.000 5.000
98.000 122.000 9.000
98.000 133.000 11.000
98.000 144.000 20.000
98.000 300.000 0.000
99.000 118.000 1.000
99.000 300.000 0.000
100.000 100.000 4.000
100.000 111.000 28.000
100.000 122.000 30.000
100.000 138.000 32.000
100.000 300.000 0.000
101.000 113.000 2.000
101.000 147.000 3.000
101.000 249.000 4.000
101.000 300.000 0.000
102.000 100.000 1.000
102.000 111.000 11.000
102.000 300.000 0.000
103.000 100.000 1.000
103.000 111.000 2.000
103.000 207.000 3.000
103.000 218.000 4.000
103.000 229.000 5.000
103.000 240.000 7.000
103.000 251.000 12.000
103.000 267.000 13.000
103.000 300.000 0.000
104.000 106.000 1.000
104.000 117.000 11.000
104.000 300.000 0.000
105.000 100.000 15.000
105.000 111.000 52.000
105.000 300.000 0.000
106.000 112.000 3.000
106.000 300.000 0.000
107.000 189.000 1.000
107.000 209.000 2.000
107.000 220.000 4.000
107.000 251.000 5.000
107.000 300.000 0.000
108.000 100.000 19.000
108.000 111.000 55.000
108.000 300.000 0.000
109.000 113.000 1.000
109.000 124.000 7.000
109.000 135.000 8.000
109.000 300.000 0.000
111.000 100.000 2.000
111.000 137.000 4.000
111.000 300.000 0.000
113.000 107.000 1.000
113.000 118.000 7.000
113.000 138.000 8.000
113.000 300.000 0.000
114.000 100.000 2.000
114.000 111.000 3.000
114.000 122.000 4.000
114.000 147.000 7.000
114.000 213.000 8.000
114.000 300.000 0.000
115.000 106.000 1.000
115.000 118.000 3.000
115.000 147.000 7.000
115.000 300.000 0.000
116.000 100.000 6.000
116.000 111.000 57.000
116.000 300.000 0.000
117.000 100.000 4.000
117.000 111.000 8.000
117.000 300.000 0.000
118.000 106.000 1.000
118.000 117.000 19.000
118.000 138.000 21.000
118.000 300.000 0.000
119.000 100.000 11.000
119.000 111.000 39.000
119.000 149.000 52.000
119.000 300.000 0.000
120.000 100.000 8.000
120.000 111.000 22.000
120.000 122.000 30.000
120.000 137.000 33.000
120.000 148.000 69.000
120.000 300.000 0.000
121.000 146.000 1.000
121.000 300.000 0.000
122.000 100.000 2.000
122.000 111.000 8.000
122.000 138.000 9.000
122.000 149.000 10.000
122.000 300.000 0.000
123.000 100.000 1.000
123.000 111.000 5.000
123.000 138.000 6.000
123.000 300.000 0.000
124.000 100.000 4.000
124.000 111.000 80.000
124.000 122.000 146.000
124.000 137.000 180.000
124.000 188.000 1.000
124.000 207.000 3.000
124.000 218.000 8.000
124.000 229.000 9.000
124.000 249.000 11.000
124.000 260.000 12.000
124.000 300.000 0.000
125.000 100.000 2.000
125.000 111.000 17.000
125.000 248.000 18.000
125.000 259.000 23.000
125.000 300.000 0.000
126.000 100.000 1.000
126.000 160.000 2.000
126.000 213.000 3.000
126.000 300.000 0.000
127.000 108.000 1.000
127.000 119.000 4.000
127.000 300.000 0.000
128.000 100.000 4.000
128.000 111.000 23.000
128.000 138.000 26.000
128.000 300.000 0.000
129.000 100.000 4.000
129.000 111.000 34.000
129.000 122.000 45.000
129.000 137.000 50.000
129.000 300.000 0.000
130.000 110.000 1.000
130.000 121.000 3.000
130.000 138.000 4.000
130.000 161.000 5.000
130.000 219.000 6.000
130.000 230.000 8.000
130.000 241.000 9.000
130.000 252.000 24.000
130.000 267.000 34.000
130.000 300.000 0.000
131.000 100.000 3.000
131.000 111.000 19.000
131.000 300.000 0.000
132.000 100.000 6.000
132.000 111.000 34.000
132.000 300.000 0.000
133.000 147.000 1.000
133.000 300.000 0.000
135.000 107.000 1.000
135.000 118.000 2.000
135.000 129.000 4.000
135.000 140.000 12.000
135.000 212.000 14.000
135.000 300.000 0.000
136.000 101.000 1.000
136.000 117.000 3.000
136.000 137.000 4.000
136.000 300.000 0.000
137.000 100.000 1.000
137.000 111.000 7.000
137.000 122.000 24.000
137.000 137.000 26.000
137.000 300.000 0.000
138.000 113.000 -77.000
138.000 124.000 -23.000
138.000 135.000 -12.000
138.000 147.000 -8.000
138.000 158.000 -0.000
138.000 248.000 1.000
138.000 300.000 0.000
139.000 100.000 4.000
139.000 111.000 27.000
139.000 138.000 32.000
139.000 149.000 38.000
139.000 300.000 0.000
140.000 100.000 12.000
140.000 111.000 44.000
140.000 300.000 0.000
141.000 137.000 1.000
141.000 159.000 2.000
141.000 300.000 0.000
142.000 100.000 1.000
142.000 111.000 3.000
142.000 122.000 4.000
142.000 300.000 0.000
143.000 100.000 1.000
143.000 147.000 5.000
143.000 300.000 0.000
144.000 100.000 13.000
144.000 111.000 22.000
144.000 300.000 0.000
145.000 100.000 1.000
145.000 111.000 6.000
145.000 122.000 11.000
145.000 138.000 12.000
145.000 300.000 0.000
146.000 100.000 1.000
146.000 118.000 2.000
146.000 300.000 0.000
147.000 100.000 2.000
147.000 111.000 11.000
147.000 137.000 13.000
147.000 300.000 0.000
148.000 100.000 1.000
148.000 111.000 5.000
148.000 122.000 9.000
148.000 141.000 10.000
148.000 300.000 0.000
149.000 100.000 1.000
149.000 111.000 8.000
149.000 122.000 14.000
149.000 137.000 18.000
149.000 300.000 0.000
150.000 100.000 1.000
150.000 111.000 7.000
150.000 300.000 0.000
151.000 112.000 1.000
151.000 300.000 0.000
152.000 106.000 1.000
152.000 117.000 2.000
152.000 128.000 4.000
152.000 139.000 7.000
152.000 300.000 0.000
153.000 100.000 15.000
153.000 111.000 45.000
153.000 300.000 0.000
155.000 106.000 1.000
155.000 117.000 18.000
155.000 137.000 22.000
155.000 300.000 0.000
156.000 244.000 1.000
156.000 300.000 0.000
157.000 100.000 1.000
157.000 111.000 16.000
157.000 122.000 19.000
157.000 137.000 30.000
157.000 300.000 0.000
158.000 100.000 1.000
158.000 111.000 4.000
158.000 140.000 5.000
158.000 300.000 0.000
159.000 100.000 13.000
159.000 111.000 106.000
159.000 162.000 0.000
159.000 300.000 0.000
161.000 212.000 1.000
161.000 300.000 0.000
162.000 101.000 1.000
162.000 116.000 4.000
162.000 141.000 5.000
162.000 300.000 0.000
163.000 107.000 2.000
163.000 118.000 9.000
163.000 300.000 0.000
164.000 100.000 2.000
164.000 111.000 12.000
164.000 122.000 13.000
164.000 300.000 0.000
165.000 100.000 2.000
165.000 111.000 14.000
165.000 300.000 0.000
166.000 100.000 1.000
166.000 111.000 22.000
166.000 122.000 40.000
166.000 133.000 44.000
166.000 144.000 49.000
166.000 300.000 0.000
167.000 107.000 1.000
167.000 118.000 4.000
167.000 137.000 6.000
167.000 300.000 0.000
168.000 100.000 4.000
168.000 111.000 16.000
168.000 122.000 25.000
168.000 300.000 0.000
169.000 100.000 2.000
169.000 111.000 11.000
169.000 137.000 12.000
169.000 300.000 0.000
170.000 100.000 4.000
170.000 111.000 11.000
170.000 138.000 14.000
170.000 149.000 15.000
170.000 300.000 0.000
171.000 100.000 2.000
171.000 111.000 10.000
171.000 122.000 12.000
171.000 138.000 13.000
171.000 300.000 0.000
172.000 100.000 3.000
172.000 111.000 38.000
172.000 300.000 0.000
173.000 100.000 1.000
173.000 111.000 18.000
173.000 300.000 0.000
174.000 100.000 5.000
174.000 111.000 34.000
174.000 138.000 39.000
174.000 300.000 0.000
175.000 100.000 1.000
175.000 111.000 16.000
175.000 122.000 27.000
175.000 137.000 29.000
175.000 300.000 0.000
176.000 100.000 1.000
176.000 111.000 27.000
176.000 138.000 31.000
176.000 300.000 0.000
177.000 108.000 1.000
177.000 300.000 0.000
178.000 100.000 1.000
178.000 111.000 14.000
178.000 300.000 0.000
179.000 100.000 2.000
179.000 111.000 8.000
179.000 300.000 0.000
180.000 100.000 1.000
180.000 111.000 5.000
180.000 122.000 6.000
180.000 300.000 0.000
181.000 100.000 1.000
181.000 111.000 2.000
181.000 122.000 4.000
181.000 137.000 5.000
181.000 300.000 0.000
182.000 100.000 6.000
182.000 111.000 35.000
182.000 138.000 38.000
182.000 300.000 0.000
183.000 100.000 2.000
183.000 111.000 14.000
183.000 300.000 0.000
184.000 100.000 1.000
184.000 111.000 3.000
184.000 300.000 0.000
185.000 100.000 6.000
185.000 111.000 31.000
185.000 122.000 39.000
185.000 300.000 0.000
187.000 100.000 5.000
187.000 111.000 17.000
187.000 122.000 27.000
187.000 138.000 30.000
187.000 300.000 0.000
188.000 120.000 1.000
188.000 300.000 0.000
189.000 100.000 4.000
189.000 111.000 33.000
189.000 138.000 35.000
189.000 300.000 0.000
190.000 100.000 1.000
190.000 111.000 5.000
190.000 122.000 10.000
190.000 137.000 16.000
190.000 300.000 0.000
