  17367.000
   6766.000
  14617.000
   2998.000
   6024.000
   7214.000
  18136.000
  14415.000
   4328.000
   7507.000
   8951.000
  10112.000
    178.000
   4816.000
  20939.000
   6846.000
   6672.000
   9386.000
   8733.000
  15297.000
   6765.000
  15798.000
  11870.000
  13409.000
  11718.000
  15493.000
   5772.000
   9976.000
  16135.000
   2389.000
  14095.000
  19066.000
     35.000
  13822.000
  15677.000
   7895.000
  18542.000
  15666.000
  14986.000
    157.000
  10976.000
  16813.000
  20194.000
   9790.000
   3871.000
  20305.000
   5156.000
   3067.000
  13792.000
  18801.000
  21397.000
  11266.000
  13941.000
  19899.000
   6222.000
  16335.000
  14333.000
  14059.000
   2901.000
   4968.000
   7460.000
   7357.000
  17182.000
   1588.000
  16903.000
  14478.000
   9560.000
  10092.000
   8028.000
   2708.000
   6237.000
   4538.000
   3633.000
  16460.000
  14658.000
   4025.000
   4699.000
  19099.000
  13650.000
  13865.000
  18074.000
  11766.000
  15256.000
   7309.000
  13386.000
  11177.000
   2114.000
  14446.000
   9372.000
   5473.000
  10667.000
  11956.000
  11211.000
   7776.000
  18979.000
  19501.000
  10380.000
  19996.000
  11514.000
  15058.000
  20841.000
  12170.000
   2237.000
  15710.000
   3675.000
  17926.000
    829.000
  10737.000
  16062.000
   1495.000
   4467.000
  12976.000
  12891.000
  13023.000
   6986.000
  13031.000
   4281.000
  16367.000
   2098.000
  12031.000
   8532.000
  20307.000
  14819.000
  18571.000
  18666.000
   3925.000
  13668.000
   8253.000
  13189.000
  20550.000
  21319.000
  18920.000
  18346.000
   5849.000
  13550.000
   6425.000
   9961.000
   8122.000
  14152.000
  13752.000
  18643.000
   8930.000
  10891.000
   6314.000
   2809.000
  12827.000
   5970.000
  15544.000
   7920.000
   7800.000
  10785.000
  19162.000
   9769.000
  21100.000
   5808.000
   7851.000
   7027.000
   8343.000
   1099.000
   1310.000
  16422.000
  18779.000
  16337.000
  19805.000
  15358.000
   7434.000
  19973.000
   3931.000
  11198.000
   9006.000
   5874.000
  20166.000
   1145.000
  12437.000
  18142.000
  12222.000
  12191.000
  15498.000
  21019.000
  19597.000
   7946.000
   7848.000
   3312.000
  19760.000
  17302.000
   7746.000
  12803.000
  20337.000
  10522.000
    471.000
   3488.000
   9576.000
   3118.000
  20499.000
  21088.000
  14260.000
    417.000
  19258.000
  14126.000
  17194.000
   6620.000
  11129.000
  19700.000
  16938.000
    550.000
   3069.000
  13163.000
  11376.000
   3290.000
    732.000
  17071.000
  14068.000
   5494.000
  14956.000
    449.000
  21148.000
   3998.000
  16507.000
   5683.000
  16496.000
  20170.000
   7633.000
  19591.000
  17558.000
  13183.000
  19576.000
  20589.000
   2576.000
  11343.000
  14843.000
  18488.000
  14228.000
  16929.000
  15783.000
    174.000
   5908.000
  15004.000
   9412.000
   1413.000
  11574.000
  14039.000
  15458.000
  21383.000
  20493.000
   2459.000
   8350.000
   2536.000
  17069.000
  20898.000
   3920.000
  21316.000
  16597.000
  12504.000
   5799.000
  20532.000
   3210.000
   5236.000
  10010.000
  21386.000
   9107.000
  20886.000
     77.000
  14233.000
  12620.000
    984.000
  11649.000
  20598.000
   3538.000
   8931.000
   5718.000
  20044.000
  20117.000
  17961.000
   3710.000
  10217.000
  13948.000
  18969.000
  18138.000
  18876.000
  11159.000
  14261.000
  20824.000
   2696.000
  11392.000
  10233.000
   3030.000
   1870.000
   6808.000
  19993.000
  19165.000
  12972.000
   8867.000
   1176.000
  19550.000
   3299.000
  13201.000
  19226.000
  15792.000
  19798.000
   9856.000
  20217.000
   2390.000
   2480.000
  14367.000
  10399.000
  21136.000
   2498.000
   4283.000
  10664.000
  17998.000
  20957.000
  12593.000
   4183.000
   1160.000
  20899.000
    930.000
  13221.000
  19622.000
   4942.000
  18175.000
  17708.000
  11886.000
   5315.000
     92.000
    330.000
  18734.000
  18216.000
    823.000
   6047.000
   6303.000
   5078.000
  10790.000
   3588.000
  15827.000
   8420.000
  18409.000
   1758.000
  21513.000
  21087.000
  20351.000
  14218.000
   1014.000
  12706.000
  17783.000
   3186.000
   3933.000
   3171.000
   6284.000
   4352.000
  18683.000
  21531.000
  18789.000
  13306.000
   9437.000
   9252.000
   1053.000
  20341.000
    434.000
   4182.000
  12135.000
   1432.000
  16853.000
    545.000
  20829.000
  18160.000
  11284.000
  12316.000
   8341.000
    882.000
  20346.000
  15924.000
   1629.000
  15322.000
  10932.000
   1382.000
  19731.000
  13603.000
   7998.000
   1584.000
  20190.000
  11512.000
   6663.000
  11401.000
   2092.000
  19505.000
   4105.000
  13906.000
   8449.000
  20263.000
   7142.000
     75.000
  20796.000
   9907.000
  18776.000
   7129.000
   2117.000
  20976.000
  17394.000
   2619.000
  15585.000
   8133.000
  19815.000
  10933.000
  14555.000
  10557.000
   1137.000
   1172.000
   5385.000
   3712.000
    683.000
   4920.000
  10188.000
   7250.000
   1631.000
  19892.000
   4440.000
   5877.000
  16755.000
   5358.000
   8305.000
   3338.000
  16939.000
  15497.000
  16685.000
  17838.000
    203.000
   1100.000
  16029.000
   6345.000
   3644.000
  15224.000
  17946.000
   8175.000
  19598.000
   4176.000
   4711.000
   9451.000
  15835.000
  18711.000
   7975.000
   3015.000
   7701.000
  10986.000
    138.000
   9405.000
  15901.000
   7631.000
  11623.000
  12287.000
   3265.000
   2190.000
  11024.000
  18738.000
  11910.000
   9175.000
   5968.000
  11393.000
   5711.000
   8310.000
  12477.000
   9053.000
  15640.000
   5070.000
   8494.000
   7548.000
   1705.000
   2519.000
  13433.000
  17689.000
  16558.000
  11534.000
  15655.000
  12908.000
   7555.000
  12858.000
  15074.000
   4251.000
  16269.000
  12696.000
   7996.000
  12010.000
   4685.000
  14527.000
  19085.000
   9294.000
  16648.000
   6798.000
  16749.000
  18828.000
   7072.000
  10955.000
   1959.000
   6125.000
   9360.000
  18309.000
   3603.000
  20715.000
  16703.000
   4672.000
   8933.000
   7243.000
  19207.000
  11184.000
  17197.000
   9633.000
   2219.000
  10915.000
   6308.000
   2346.000
   6664.000
  12660.000
   6450.000
  18671.000
  13546.000
  15110.000
   5686.000
  11635.000
  14781.000
   5754.000
   7879.000
  14642.000
   4132.000
   6535.000
  20123.000
  20954.000
    798.000
  11027.000
  14343.000
   5453.000
   5238.000
   1206.000
   5829.000
    680.000
  20953.000
   8069.000
  18012.000
  14579.000
  19204.000
   6235.000
   2586.000
   3287.000
  18715.000
  13143.000
   2285.000
  15398.000
  18875.000
  17388.000
   6476.000
  19452.000
  18803.000
  20067.000
  15647.000
   2904.000
  21031.000
  15443.000
  11576.000
   2637.000
  10914.000
    947.000
  15117.000
   8132.000
   9905.000
   2987.000
   7509.000
  18983.000
  18495.000
   9725.000
   3087.000
   2445.000
  16510.000
   3751.000
    279.000
  20394.000
   5759.000
   2677.000
   5642.000
   7075.000
  11832.000
  18686.000
    586.000
   5297.000
   8602.000
  13701.000
   9329.000
  18109.000
  14335.000
  17736.000
   6006.000
  19010.000
  20770.000
   3555.000
  10284.000
    510.000
  12309.000
   5338.000
  21579.000
   1612.000
  13756.000
   2989.000
   6398.000
  21180.000
  20516.000
  17200.000
  12772.000
   6076.000
  18307.000
  20701.000
  17750.000
  19210.000
   5910.000
  13639.000
  13402.000
    712.000
  12371.000
    400.000
   4520.000
  17157.000
  13975.000
  17073.000
  14576.000
  11696.000
  20058.000
  14197.000
   2410.000
  21510.000
  12311.000
   6786.000
  20551.000
    634.000
  10755.000
   3757.000
  14875.000
   4199.000
   2080.000
   2448.000
   9857.000
  21454.000
  18606.000
  16762.000
   4106.000
   9242.000
   8709.000
   6718.000
   4016.000
   8719.000
  20816.000
  14764.000
   2960.000
   6852.000
    236.000
  20289.000
   5174.000
  10148.000
   3894.000
  20050.000
  15289.000
    312.000
  20025.000
  15018.000
   7488.000
   5383.000
  12610.000
   9508.000
   3436.000
  14909.000
   4201.000
   6371.000
  12711.000
  13322.000
  19758.000
   6795.000
   5838.000
  19401.000
   9389.000
  14088.000
   9096.000
  19436.000
  15391.000
  20564.000
   5674.000
   7602.000
   9043.000
   8085.000
   8164.000
  12666.000
  12866.000
   2025.000
   7330.000
  15905.000
    378.000
   9123.000
  20590.000
  20262.000
   3311.000
   6179.000
   3621.000
   8107.000
   5601.000
  12543.000
   2695.000
  17461.000
  14560.000
   3070.000
  10089.000
  19301.000
  15683.000
  13587.000
   1477.000
  18712.000
   7649.000
   5226.000
  17506.000
  12626.000
    632.000
  12295.000
  16063.000
  11063.000
   1618.000
  11070.000
  12269.000
  12166.000
  20671.000
   9630.000
   3331.000
   3941.000
   6275.000
   5972.000
  11262.000
  13313.000
   4019.000
  16196.000
  20741.000
   3889.000
   8633.000
   6052.000
  20664.000
  10220.000
  11442.000
   7773.000
  14386.000
   1924.000
   4608.000
  19288.000
   5182.000
  17065.000
  15587.000
   8999.000
  18957.000
  11650.000
  20261.000
  11217.000
  18013.000
    701.000
   3264.000
  10169.000
  16758.000
  10383.000
  18326.000
  20948.000
   3557.000
  12782.000
   8946.000
  19231.000
   9427.000
  15052.000
   4565.000
  10266.000
  20133.000
   2933.000
  17716.000
  18199.000
  20350.000
   7347.000
   8916.000
  12216.000
  17682.000
  15335.000
   9077.000
  12460.000
  13136.000
  10182.000
   6420.000
  17116.000
   2050.000
  12360.000
  21430.000
   9181.000
  18545.000
  20612.000
   9127.000
   1864.000
   3097.000
  16684.000
  18402.000
   5486.000
   3025.000
   1292.000
   4470.000
  21408.000
   5818.000
  19832.000
  13604.000
  15621.000
   4980.000
  13954.000
   5867.000
  17270.000
  17440.000
     62.000
  12872.000
  14093.000
   8886.000
   4502.000
   2956.000
     97.000
  15070.000
  16766.000
   3276.000
  12618.000
   2457.000
   2115.000
   1378.000
  12819.000
  20905.000
  13841.000
  17795.000
   1543.000
   1699.000
   2417.000
  16761.000
    808.000
  16555.000
   5697.000
  15634.000
   7378.000
    746.000
    389.000
  20115.000
  19442.000
  19792.000
  20652.000
  13652.000
  14399.000
   7047.000
    128.000
  18431.000
   3544.000
   5839.000
   3289.000
  10907.000
  21481.000
  21372.000
   4277.000
  18831.000
  20042.000
  20214.000
   8032.000
  20415.000
   7439.000
  15275.000
  17680.000
  18974.000
   3026.000
  15183.000
  15390.000
  12429.000
   2937.000
  11500.000
  21235.000
  16810.000
  13367.000
  19054.000
  12918.000
  11564.000
  17382.000
   1017.000
  15298.000
   3822.000
  12144.000
   7469.000
   2982.000
  11936.000
   7237.000
   7605.000
  15015.000
   1350.000
   5508.000
  17576.000
  20667.000
   9622.000
   9605.000
   1940.000
   8608.000
   7112.000
  14139.000
  17639.000
  14924.000
  13198.000
  18103.000
   2774.000
  19881.000
   2597.000
  16406.000
  17442.000
  19992.000
  14133.000
   8410.000
   8046.000
   9265.000
  15930.000
     39.000
  18332.000
  11445.000
   7418.000
  19315.000
  13874.000
  17472.000
    618.000
   6802.000
   8231.000
    454.000
   4423.000
   4740.000
  13336.000
  14240.000
  16952.000
  13749.000
   6193.000
  20797.000
  19689.000
  11925.000
   5432.000
   8161.000
  11762.000
   4446.000
  15363.000
  19947.000
   6224.000
  12389.000
  17653.000
  21099.000
  10535.000
  16904.000
    581.000
  19157.000
  19014.000
  20792.000
   8953.000
  11722.000
  10223.000
  10825.000
  20968.000
   9189.000
  11654.000
  17445.000
  18498.000
   8574.000
  20691.000
  15697.000
  13541.000
  15252.000
   5355.000
  18810.000
  11467.000
  12185.000
  21018.000
  14721.000
   3173.000
   1163.000
   6296.000
   2379.000
   9611.000
  18580.000
  19877.000
   2256.000
  16848.000
  15040.000
   2136.000
   4511.000
   8471.000
  12091.000
  20360.000
  20626.000
  13224.000
   7522.000
  16467.000
  19642.000
    589.000
  12513.000
   5758.000
   2213.000
  18168.000
   5396.000
   9764.000
   9829.000
  19530.000
  11428.000
  19248.000
  12488.000
  12510.000
  19161.000
   8270.000
   7285.000
   2682.000
  21566.000
   1560.000
   1948.000
  15983.000
  16897.000
  11001.000
  20885.000
   8829.000
  11032.000
   1837.000
   3499.000
  20367.000
  21354.000
  15979.000
  20448.000
  17862.000
  16016.000
   3843.000
   3332.000
   3850.000
   1277.000
  16702.000
  13016.000
  13840.000
  21094.000
  10529.000
  17162.000
    710.000
  10118.000
     67.000
  19694.000
  18814.000
    271.000
  16161.000
  11065.000
    767.000
  10108.000
   2163.000
  12000.000
  20847.000
  15350.000
  20790.000
   9260.000
  10561.000
   3518.000
  21291.000
  15042.000
   8006.000
  15412.000
  21250.000
  20660.000
   7526.000
  14716.000
  15884.000
   8628.000
   3777.000
  12548.000
  12900.000
  15648.000
   9192.000
  16020.000
  12482.000
  13829.000
  16629.000
  15522.000
  21377.000
   1218.000
  15021.000
  19812.000
  20751.000
  13505.000
   3059.000
   7648.000
  12093.000
   5801.000
   8632.000
   1032.000
  17235.000
   7302.000
  21059.000
   1536.000
  14815.000
   2931.000
   5450.000
    527.000
  17042.000
   1073.000
   6623.000
    419.000
  18237.000
   6512.000
  12182.000
   4465.000
    150.000
    404.000
  19708.000
   6559.000
   4029.000
   1988.000
   3759.000
  14965.000
    880.000
  17985.000
  16259.000
  11893.000
   1116.000
   5108.000
  13890.000
  19769.000
   2678.000
   8878.000
   7437.000
  13888.000
   2869.000
   6016.000
  11914.000
   4702.000
  12995.000
  13355.000
  14063.000
   5897.000
  21189.000
   4557.000
   6317.000
  14878.000
   8701.000
  11957.000
   2744.000
   4278.000
   4549.000
  12834.000
   5006.000
  20572.000
  11607.000
   4793.000
  13222.000
  18589.000
    422.000
   7730.000
  18383.000
  12099.000
   4662.000
   9770.000
   3787.000
  16110.000
   8601.000
   1214.000
  20300.000
   3455.000
   4169.000
   2030.000
  17283.000
  17790.000
  10170.000
    633.000
  15542.000
  14758.000
  20679.000
    578.000
  17778.000
  11059.000
  10080.000
  17469.000
  16927.000
  18633.000
  20890.000
   2885.000
   1565.000
  18816.000
    354.000
  18600.000
  19221.000
  14072.000
   6644.000
   4594.000
  14790.000
   9343.000
   8222.000
  15394.000
  12080.000
   8765.000
  16217.000
   8360.000
  17090.000
  12694.000
   9157.000
  17780.000
   2889.000
   8380.000
  15713.000
   8726.000
   5138.000
   8747.000
  20437.000
   7916.000
  19030.000
   7815.000
  20872.000
   2698.000
  21083.000
   9473.000
  20560.000
   9287.000
   9478.000
  12625.000
  10325.000
  19624.000
  11075.000
   2376.000
  20781.000
  20222.000
  18537.000
   9853.000
   9612.000
    836.000
   4728.000
  21216.000
  20624.000
  17094.000
  18784.000
  10219.000
  13833.000
   9519.000
  17018.000
   7425.000
   6767.000
   6218.000
  11318.000
  12745.000
  13034.000
  15645.000
  12699.000
   3525.000
  12629.000
  18987.000
  12888.000
  11012.000
  15767.000
   5470.000
   6855.000
   8579.000
   4143.000
  11707.000
   4935.000
   7355.000
  11676.000
  16829.000
  15139.000
  12002.000
   8551.000
   2701.000
  21511.000
  14710.000
   1815.000
  13769.000
   1510.000
  10820.000
   4611.000
  18945.000
  21103.000
  11588.000
   6349.000
  12042.000
  19549.000
  21448.000
   1528.000
   2135.000
   6444.000
   2065.000
  11384.000
   8197.000
     43.000
  15151.000
  12349.000
  15852.000
  19823.000
  21359.000
  20345.000
  16162.000
  17431.000
   1060.000
  21284.000
  20196.000
   4057.000
   7925.000
   7172.000
  11942.000
   6367.000
   1273.000
   6538.000
  16916.000
  12837.000
   2399.000
  18840.000
  16385.000
  11501.000
  17636.000
   2964.000
  18625.000
  19427.000
   9278.000
     72.000
  19405.000
  17280.000
   6361.000
  16839.000
   4344.000
   8355.000
   9908.000
  21232.000
  11557.000
  18096.000
  17230.000
  13036.000
   4593.000
  20775.000
   1315.000
  14339.000
   9272.000
  13332.000
  13418.000
   3765.000
    988.000
    136.000
  21540.000
   9564.000
  12138.000
   2797.000
   5964.000
  18621.000
   8397.000
  17578.000
  16033.000
   7647.000
  10556.000
  18582.000
   6577.000
  14680.000
  14383.000
   4598.000
   3986.000
  19203.000
  12605.000
  16609.000
  15068.000
  16796.000
   1389.000
  11271.000
   4802.000
    163.000
  13389.000
   5727.000
   8136.000
  17957.000
   5333.000
  18923.000
   7053.000
  21308.000
    255.000
   8264.000
   8676.000
  20641.000
  16893.000
  21129.000
  15243.000
   4289.000
   4177.000
  10467.000
  19117.000
  13556.000
  15496.000
  19283.000
  19354.000
  13340.000
  20005.000
  20228.000
   6728.000
   5371.000
   8669.000
  18588.000
   8204.000
  19524.000
  19903.000
  14731.000
   5042.000
  17841.000
  16271.000
  13741.000
   8899.000
      3.000
   1466.000
  13893.000
  20120.000
   5852.000
   6777.000
  12062.000
  11201.000
   7869.000
  11449.000
  15869.000
  19951.000
   3414.000
   8568.000
   1182.000
   6209.000
   1684.000
   5520.000
   3694.000
   5166.000
   6813.000
   4409.000
   1022.000
  10731.000
  14992.000
  13051.000
    902.000
  15851.000
    763.000
  16442.000
   3301.000
     68.000
   5269.000
  15199.000
   5995.000
   8564.000
   7279.000
  21092.000
   7654.000
   9379.000
   8785.000
   6879.000
  14763.000
  14670.000
  16873.000
   1868.000
  18280.000
  14441.000
   8875.000
   5644.000
  18392.000
   8330.000
  14933.000
   1734.000
   8275.000
  19934.000
   9788.000
  20580.000
  19230.000
   3674.000
  20690.000
   2683.000
  12505.000
  14358.000
   7662.000
   5252.000
  21229.000
     28.000
  16598.000
   3992.000
   4504.000
  11829.000
  13506.000
    276.000
   5015.000
  14350.000
   4833.000
  19299.000
  13330.000
   7587.000
   8077.000
   4776.000
  18892.000
   5731.000
  12596.000
   3605.000
  18121.000
   3428.000
   6495.000
  10626.000
  11448.000
  19503.000
  10952.000
   1895.000
   5994.000
   2029.000
  16859.000
   7177.000
  16082.000
   6327.000
   2067.000
   5701.000
   6408.000
  18077.000
   3828.000
  18902.000
  20628.000
   6010.000
   3906.000
   6923.000
  18882.000
  13045.000
   1397.000
     73.000
  15548.000
  15661.000
  21362.000
   9711.000
    804.000
   5057.000
  10605.000
   2250.000
   1210.000
  20243.000
   2659.000
  15290.000
   9318.000
  15972.000
   2609.000
  16404.000
  17226.000
  14170.000
  18314.000
  13179.000
   9126.000
   2549.000
    521.000
    742.000
   4946.000
   3691.000
  11891.000
   9253.000
   4101.000
  19055.000
   1872.000
   1706.000
  18132.000
   8056.000
   8114.000
  11104.000
  18509.000
   5782.000
  10948.000
  11591.000
  17980.000
   6791.000
  16979.000
  18648.000
   6313.000
   1633.000
   7676.000
  11412.000
  12732.000
   5228.000
  12218.000
  13003.000
  13271.000
   7445.000
  16252.000
   4973.000
  10299.000
  17485.000
  21093.000
   8617.000
   3709.000
   1759.000
   5649.000
  14847.000
  13316.000
  12341.000
  11899.000
    124.000
  19445.000
  20786.000
    504.000
  17917.000
  18272.000
  16418.000
  20216.000
   3136.000
  11408.000
  18879.000
   4471.000
  12397.000
   1517.000
   3282.000
  12497.000
  11533.000
   4603.000
  10569.000
  15678.000
   6993.000
   7729.000
   9523.000
   1521.000
   2059.000
  14949.000
   9670.000
   4395.000
  17903.000
  19477.000
   9846.000
  12654.000
  13161.000
   5073.000
  17945.000
  11720.000
  11883.000
  21355.000
   6787.000
  13510.000
   9072.000
   6661.000
   9012.000
    533.000
   9594.000
  16954.000
  15753.000
  21515.000
  21502.000
   9978.000
   3140.000
   3910.000
   9960.000
  20066.000
  16876.000
  15460.000
   4878.000
  14029.000
  18593.000
   1280.000
  12277.000
   8707.000
   6892.000
   3131.000
  14825.000
  17395.000
  15334.000
   9407.000
   5090.000
  20085.000
   7000.000
  13040.000
  14592.000
  20273.000
  21341.000
  20455.000
  11922.000
   8616.000
  12439.000
  12293.000
   7115.000
  12644.000
   6353.000
   7051.000
   4391.000
  11373.000
   5645.000
  18874.000
  14778.000
   8572.000
  15235.000
    256.000
  15409.000
  13029.000
   1590.000
  18436.000
  10322.000
  17629.000
   7356.000
   5209.000
   6864.000
   1816.000
  12187.000
  13480.000
   8894.000
   8947.000
  20279.000
  21396.000
  18155.000
  20096.000
   1046.000
   2149.000
   6549.000
  14137.000
   1084.000
   8080.000
   5055.000
  16721.000
    877.000
    402.000
   8083.000
   9860.000
  18662.000
  10609.000
   6217.000
  16441.000
  18240.000
   8824.000
  12217.000
   1972.000
  19559.000
   6382.000
    345.000
  14101.000
  19488.000
  19978.000
  20209.000
   8708.000
  13886.000
    937.000
   8831.000
  14420.000
   2333.000
  21122.000
   2275.000
  12617.000
   1643.000
   2554.000
  10505.000
  19572.000
   3376.000
  12860.000
  12825.000
   3596.000
   5723.000
   5676.000
  13795.000
  12159.000
   7396.000
  15451.000
  19938.000
  11562.000
  11097.000
  20689.000
  10102.000
   4730.000
   2090.000
   8802.000
  19589.000
  12500.000
  10998.000
  11247.000
   4187.000
   8843.000
  12073.000
  16266.000
    555.000
  18403.000
  12840.000
  18520.000
  18347.000
   5117.000
  17087.000
    221.000
  19662.000
   7394.000
   4869.000
   2043.000
  12996.000
   1640.000
   5065.000
   3346.000
  11141.000
   7234.000
  12396.000
    364.000
  10140.000
  11488.000
   8309.000
  19728.000
   5020.000
   4804.000
   6077.000
   9241.000
   1406.000
   6873.000
  20722.000
   1343.000
   6748.000
  12502.000
  21242.000
   4264.000
   8061.000
   1071.000
  12792.000
  11381.000
   6440.000
  12094.000
   1149.000
  12959.000
  13005.000
  13380.000
   7945.000
   8496.000
   1119.000
  11895.000
  15233.000
   7474.000
  18055.000
    694.000
   4655.000
   9816.000
  16088.000
  16980.000
     19.000
  10997.000
    782.000
   5636.000
   1047.000
  17670.000
   1952.000
  10078.000
   1625.000
  11699.000
   9944.000
  18859.000
   3235.000
   8087.000
  18250.000
   6872.000
   8828.000
  11798.000
   3800.000
   8338.000
   5740.000
  16238.000
   4513.000
  19423.000
  10836.000
  14167.000
   2876.000
     45.000
  11908.000
  11573.000
  15970.000
   8981.000
  11819.000
   9082.000
  14346.000
   7659.000
   5045.000
   8252.000
   5705.000
    879.000
   7336.000
  19340.000
   4027.000
   4903.000
   7218.000
   2328.000
   8152.000
  21452.000
   1440.000
  10234.000
   9967.000
   8216.000
  12751.000
  13605.000
   6129.000
  16945.000
    318.000
  15418.000
   4148.000
  16556.000
  14285.000
   8349.000
  15314.000
   3825.000
  14887.000
   4230.000
   5976.000
  20250.000
   6011.000
  10965.000
  20348.000
   4266.000
  15874.000
   2392.000
  17984.000
   3297.000
  18665.000
   2500.000
  20888.000
   1194.000
   1135.000
   2068.000
  15584.000
  21402.000
  19625.000
   5738.000
   4913.000
   2860.000
   4500.000
   4783.000
  16486.000
   9461.000
    933.000
  10041.000
   7244.000
   1756.000
  17727.000
   1427.000
   9545.000
   2784.000
   8889.000
  17317.000
  17467.000
   8700.000
   5356.000
   2968.000
   8395.000
   9926.000
   2280.000
  13217.000
   9403.000
  11801.000
   3109.000
    358.000
  15895.000
  19228.000
    384.000
  12736.000
   7464.000
   5041.000
  14676.000
  13870.000
   3425.000
  15039.000
   9943.000
  20844.000
   3165.000
  17293.000
   7727.000
  11323.000
   3037.000
  19493.000
   9516.000
   6700.000
   7025.000
   4609.000
   2349.000
   3024.000
  17864.000
  15892.000
  19456.000
   1760.000
  14993.000
  16896.000
   6166.000
  15868.000
  12299.000
   7161.000
    411.000
   7497.000
  11126.000
  18029.000
   3886.000
  13455.000
   4580.000
  15546.000
   4815.000
   6226.000
  15329.000
   4339.000
  15050.000
  21228.000
   4974.000
  10776.000
   8177.000
  21499.000
   8635.000
   9129.000
  19855.000
  12486.000
  17447.000
   6788.000
   3214.000
   1484.000
   7673.000
    613.000
   6126.000
  10684.000
  10355.000
   1507.000
  11082.000
   2737.000
   7163.000
  16603.000
  12204.000
   1976.000
   4544.000
  18676.000
  14258.000
    131.000
  10523.000
   8248.000
   4679.000
  13300.000
   7431.000
  18871.000
   4532.000
  10152.000
   5369.000
  12212.000
    698.000
  13932.000
  19222.000
  20132.000
   4508.000
  13488.000
  12451.000
  14711.000
  19883.000
   7524.000
   9826.000
   7375.000
  12494.000
  20929.000
  19844.000
   3450.000
   1328.000
  15700.000
  15400.000
   8075.000
   6167.000
  18861.000
  12163.000
   6724.000
  19566.000
   4125.000
  13530.000
  14705.000
  10161.000
   3439.000
   2432.000
   3919.000
  13909.000
   6858.000
  19564.000
  13373.000
  10839.000
   2743.000
  15810.000
   3292.000
  16166.000
   2868.000
   7861.000
  13558.000
  12402.000
  10585.000
     26.000
   1651.000
  21543.000
  20283.000
  12881.000
  11873.000
   6812.000
  19130.000
   3344.000
  10794.000
   8756.000
  10612.000
    735.000
  21358.000
   3447.000
   4190.000
  14978.000
  16310.000
    245.000
   8187.000
  20693.000
  17758.000
  17559.000
   2358.000
  16483.000
  13190.000
   2525.000
  12501.000
   4462.000
   1121.000
   6445.000
  19234.000
   4640.000
  20740.000
  19430.000
  19824.000
  17184.000
   8048.000
  18251.000
  17059.000
  18737.000
  15803.000
  19954.000
  10546.000
  12713.000
  18557.000
  13382.000
   6058.000
  13461.000
   3441.000
  11174.000
  12353.000
  11499.000
  18653.000
  10184.000
  16527.000
   3179.000
   1678.000
  10617.000
  12051.000
   3636.000
   9332.000
   7870.000
  11606.000
   4823.000
  13892.000
  12103.000
  16225.000
  14996.000
  20241.000
   7131.000
   4194.000
  19400.000
   1026.000
  16492.000
  10087.000
  10474.000
  19115.000
     96.000
  10678.000
   9795.000
   6249.000
   1356.000
   2886.000
  12334.000
   8753.000
  17106.000
   9347.000
   4871.000
   3013.000
  20038.000
  18853.000
  17936.000
  19212.000
    846.000
  16599.000
  10286.000
  19982.000
   4997.000
  18022.000
  13249.000
   4567.000
   1461.000
  18626.000
  19826.000
