0.000 248.000 1.000
0.000 300.000 0.000
1.000 141.000 1.000
1.000 249.000 2.000
1.000 260.000 3.000
1.000 300.000 0.000
2.000 100.000 9.000
2.000 147.000 54.000
2.000 300.000 0.000
3.000 100.000 15.000
3.000 137.000 26.000
3.000 300.000 0.000
4.000 141.000 1.000
4.000 152.000 2.000
4.000 300.000 0.000
5.000 151.000 2.000
5.000 300.000 0.000
6.000 111.000 1.000
6.000 137.000 3.000
6.000 300.000 0.000
7.000 100.000 9.000
7.000 111.000 10.000
7.000 122.000 12.000
7.000 137.000 28.000
7.000 300.000 0.000
8.000 100.000 3.000
8.000 111.000 5.000
8.000 122.000 14.000
8.000 141.000 18.000
8.000 152.000 34.000
8.000 300.000 0.000
9.000 141.000 -76.000
9.000 152.000 20.000
9.000 213.000 23.000
9.000 300.000 0.000
10.000 100.000 2.000
10.000 111.000 6.000
10.000 300.000 0.000
11.000 118.000 1.000
11.000 129.000 2.000
11.000 140.000 7.000
11.000 300.000 0.000
12.000 149.000 1.000
12.000 213.000 2.000
12.000 300.000 0.000
13.000 135.000 1.000
13.000 151.000 3.000
13.000 197.000 4.000
13.000 208.000 17.000
13.000 219.000 23.000
13.000 249.000 25.000
13.000 260.000 26.000
13.000 300.000 0.000
14.000 116.000 4.000
14.000 127.000 5.000
14.000 147.000 11.000
14.000 211.000 12.000
14.000 300.000 0.000
15.000 127.000 1.000
15.000 140.000 2.000
15.000 151.000 3.000
15.000 300.000 0.000
16.000 100.000 1.000
16.000 111.000 3.000
16.000 148.000 5.000
16.000 212.000 6.000
16.000 240.000 7.000
16.000 300.000 0.000
17.000 137.000 1.000
17.000 300.000 0.000
18.000 100.000 30.000
18.000 141.000 34.000
18.000 300.000 0.000
19.000 100.000 4.000
19.000 112.000 7.000
19.000 123.000 19.000
19.000 137.000 20.000
19.000 300.000 0.000
20.000 107.000 5.000
20.000 118.000 6.000
20.000 129.000 7.000
20.000 140.000 8.000
20.000 211.000 11.000
20.000 300.000 0.000
21.000 137.000 2.000
21.000 300.000 0.000
22.000 100.000 14.000
22.000 300.000 0.000
23.000 112.000 1.000
23.000 123.000 3.000
23.000 137.000 7.000
23.000 300.000 0.000
24.000 100.000 58.000
24.000 140.000 67.000
24.000 300.000 0.000
25.000 151.000 1.000
25.000 207.000 2.000
25.000 218.000 5.000
25.000 247.000 6.000
25.000 300.000 0.000
26.000 100.000 13.000
26.000 143.000 17.000
26.000 300.000 0.000
27.000 100.000 21.000
27.000 140.000 29.000
27.000 151.000 38.000
27.000 300.000 0.000
28.000 100.000 7.000
28.000 111.000 22.000
28.000 137.000 27.000
28.000 148.000 38.000
28.000 300.000 0.000
29.000 126.000 1.000
29.000 137.000 4.000
29.000 211.000 6.000
29.000 300.000 0.000
30.000 100.000 1.000
30.000 111.000 2.000
30.000 300.000 0.000
31.000 100.000 1.000
31.000 140.000 2.000
31.000 300.000 0.000
32.000 100.000 2.000
32.000 143.000 3.000
32.000 300.000 0.000
34.000 100.000 1.000
34.000 300.000 0.000
35.000 207.000 1.000
35.000 219.000 2.000
35.000 300.000 0.000
36.000 100.000 3.000
36.000 143.000 4.000
36.000 300.000 0.000
37.000 104.000 1.000
37.000 115.000 10.000
37.000 137.000 13.000
37.000 149.000 14.000
37.000 300.000 0.000
38.000 100.000 20.000
38.000 113.000 24.000
38.000 300.000 0.000
39.000 147.000 5.000
39.000 300.000 0.000
40.000 147.000 15.000
40.000 300.000 0.000
41.000 100.000 10.000
41.000 140.000 14.000
41.000 151.000 27.000
41.000 300.000 0.000
42.000 100.000 1.000
42.000 148.000 6.000
42.000 159.000 10.000
42.000 300.000 0.000
43.000 100.000 2.000
43.000 151.000 5.000
43.000 212.000 6.000
43.000 223.000 8.000
43.000 300.000 0.000
44.000 100.000 21.000
44.000 111.000 39.000
44.000 137.000 53.000
44.000 300.000 0.000
45.000 117.000 1.000
45.000 128.000 2.000
45.000 139.000 12.000
45.000 150.000 14.000
45.000 300.000 0.000
46.000 100.000 2.000
46.000 134.000 3.000
46.000 145.000 32.000
46.000 300.000 0.000
47.000 100.000 14.000
47.000 111.000 39.000
47.000 122.000 63.000
47.000 137.000 99.000
47.000 188.000 2.000
47.000 208.000 3.000
47.000 219.000 4.000
47.000 300.000 0.000
48.000 147.000 13.000
48.000 300.000 0.000
49.000 100.000 13.000
49.000 143.000 14.000
49.000 300.000 0.000
50.000 100.000 9.000
50.000 114.000 10.000
50.000 125.000 16.000
50.000 136.000 18.000
50.000 219.000 20.000
50.000 300.000 0.000
51.000 110.000 1.000
51.000 300.000 0.000
52.000 139.000 1.000
52.000 150.000 4.000
52.000 300.000 0.000
54.000 100.000 4.000
54.000 141.000 8.000
54.000 152.000 9.000
54.000 300.000 0.000
55.000 108.000 1.000
55.000 137.000 5.000
55.000 300.000 0.000
56.000 148.000 1.000
56.000 159.000 2.000
56.000 300.000 0.000
57.000 249.000 1.000
57.000 300.000 0.000
58.000 109.000 1.000
58.000 120.000 2.000
58.000 137.000 7.000
58.000 300.000 0.000
59.000 146.000 1.000
59.000 208.000 2.000
59.000 248.000 3.000
59.000 300.000 0.000
60.000 101.000 1.000
60.000 137.000 2.000
60.000 149.000 6.000
60.000 300.000 0.000
61.000 118.000 1.000
61.000 137.000 2.000
61.000 300.000 0.000
62.000 249.000 1.000
62.000 300.000 0.000
63.000 100.000 7.000
63.000 147.000 29.000
63.000 300.000 0.000
64.000 100.000 3.000
64.000 111.000 7.000
64.000 122.000 10.000
64.000 208.000 11.000
64.000 243.000 12.000
64.000 300.000 0.000
65.000 100.000 5.000
65.000 111.000 8.000
65.000 147.000 13.000
65.000 300.000 0.000
66.000 100.000 7.000
66.000 141.000 13.000
66.000 300.000 0.000
67.000 100.000 15.000
67.000 141.000 24.000
67.000 300.000 0.000
68.000 100.000 2.000
68.000 141.000 3.000
68.000 300.000 0.000
69.000 107.000 3.000
69.000 300.000 0.000
71.000 100.000 3.000
71.000 139.000 4.000
71.000 300.000 0.000
72.000 100.000 4.000
72.000 300.000 0.000
73.000 100.000 4.000
73.000 147.000 7.000
73.000 300.000 0.000
74.000 100.000 24.000
74.000 137.000 25.000
74.000 148.000 34.000
74.000 300.000 0.000
75.000 101.000 1.000
75.000 149.000 3.000
75.000 160.000 4.000
75.000 209.000 6.000
75.000 247.000 7.000
75.000 258.000 17.000
75.000 300.000 0.000
76.000 100.000 4.000
76.000 111.000 36.000
76.000 137.000 92.000
76.000 188.000 0.000
76.000 199.000 3.000
76.000 210.000 9.000
76.000 221.000 10.000
76.000 300.000 0.000
77.000 106.000 1.000
77.000 117.000 9.000
77.000 300.000 0.000
78.000 100.000 4.000
78.000 141.000 8.000
78.000 152.000 19.000
78.000 300.000 0.000
79.000 100.000 3.000
79.000 111.000 4.000
79.000 300.000 0.000
80.000 147.000 10.000
80.000 300.000 0.000
81.000 100.000 3.000
81.000 111.000 9.000
81.000 122.000 11.000
81.000 137.000 19.000
81.000 212.000 22.000
81.000 300.000 0.000
82.000 137.000 1.000
82.000 148.000 4.000
82.000 300.000 0.000
83.000 100.000 1.000
83.000 111.000 2.000
83.000 149.000 11.000
83.000 300.000 0.000
84.000 109.000 1.000
84.000 120.000 2.000
84.000 137.000 4.000
84.000 300.000 0.000
85.000 148.000 1.000
85.000 159.000 2.000
85.000 300.000 0.000
86.000 100.000 24.000
86.000 113.000 25.000
86.000 124.000 49.000
86.000 135.000 53.000
86.000 146.000 114.000
86.000 197.000 20.000
86.000 300.000 0.000
87.000 121.000 1.000
87.000 132.000 2.000
87.000 146.000 9.000
87.000 211.000 13.000
87.000 244.000 17.000
87.000 300.000 0.000
88.000 137.000 1.000
88.000 150.000 2.000
88.000 300.000 0.000
89.000 143.000 -83.000
89.000 154.000 11.000
89.000 300.000 0.000
90.000 130.000 1.000
90.000 141.000 7.000
90.000 300.000 0.000
91.000 113.000 2.000
91.000 147.000 7.000
91.000 300.000 0.000
92.000 112.000 2.000
92.000 137.000 5.000
92.000 300.000 0.000
93.000 101.000 1.000
93.000 121.000 2.000
93.000 137.000 3.000
93.000 148.000 5.000
93.000 300.000 0.000
94.000 112.000 1.000
94.000 137.000 3.000
94.000 149.000 7.000
94.000 300.000 0.000
95.000 107.000 1.000
95.000 137.000 5.000
95.000 149.000 7.000
95.000 300.000 0.000
96.000 100.000 2.000
96.000 138.000 3.000
96.000 300.000 0.000
97.000 100.000 1.000
97.000 111.000 2.000
97.000 140.000 4.000
97.000 300.000 0.000
98.000 100.000 1.000
98.000 118.000 2.000
98.000 137.000 6.000
98.000 212.000 9.000
98.000 300.000 0.000
99.000 106.000 1.000
99.000 143.000 2.000
99.000 300.000 0.000
100.000 108.000 2.000
100.000 147.000 5.000
100.000 158.000 6.000
100.000 300.000 0.000
101.000 100.000 25.000
101.000 300.000 0.000
102.000 100.000 5.000
102.000 137.000 12.000
102.000 300.000 0.000
103.000 148.000 1.000
103.000 212.000 2.000
103.000 300.000 0.000
104.000 100.000 3.000
104.000 147.000 23.000
104.000 300.000 0.000
105.000 100.000 16.000
105.000 111.000 30.000
105.000 143.000 43.000
105.000 300.000 0.000
107.000 107.000 1.000
107.000 141.000 3.000
107.000 152.000 10.000
107.000 300.000 0.000
108.000 109.000 4.000
108.000 147.000 9.000
108.000 211.000 12.000
108.000 222.000 14.000
108.000 300.000 0.000
109.000 112.000 1.000
109.000 123.000 2.000
109.000 146.000 4.000
109.000 212.000 7.000
109.000 300.000 0.000
110.000 137.000 1.000
110.000 300.000 0.000
111.000 100.000 1.000
111.000 111.000 3.000
111.000 147.000 9.000
111.000 300.000 0.000
112.000 100.000 3.000
112.000 111.000 19.000
112.000 122.000 20.000
112.000 137.000 25.000
112.000 300.000 0.000
113.000 100.000 1.000
113.000 111.000 2.000
113.000 137.000 3.000
113.000 300.000 0.000
114.000 108.000 4.000
114.000 137.000 23.000
114.000 300.000 0.000
115.000 100.000 16.000
115.000 147.000 28.000
115.000 300.000 0.000
116.000 100.000 44.000
116.000 300.000 0.000
117.000 117.000 5.000
117.000 147.000 13.000
117.000 199.000 14.000
117.000 210.000 51.000
117.000 300.000 0.000
118.000 110.000 1.000
118.000 137.000 4.000
118.000 300.000 0.000
119.000 100.000 6.000
119.000 112.000 7.000
119.000 141.000 13.000
119.000 213.000 15.000
119.000 300.000 0.000
120.000 100.000 10.000
120.000 111.000 16.000
120.000 137.000 22.000
120.000 300.000 0.000
121.000 100.000 1.000
121.000 300.000 0.000
122.000 100.000 5.000
122.000 141.000 6.000
122.000 152.000 7.000
122.000 300.000 0.000
123.000 117.000 2.000
123.000 146.000 3.000
123.000 300.000 0.000
124.000 100.000 3.000
124.000 111.000 6.000
124.000 137.000 10.000
124.000 151.000 12.000
124.000 300.000 0.000
125.000 147.000 5.000
125.000 212.000 8.000
125.000 300.000 0.000
126.000 100.000 11.000
126.000 147.000 55.000
126.000 300.000 0.000
127.000 137.000 1.000
127.000 300.000 0.000
128.000 116.000 1.000
128.000 147.000 2.000
128.000 300.000 0.000
129.000 100.000 20.000
129.000 118.000 24.000
129.000 137.000 33.000
129.000 149.000 53.000
129.000 300.000 0.000
130.000 100.000 9.000
130.000 111.000 11.000
130.000 137.000 14.000
130.000 148.000 16.000
130.000 300.000 0.000
131.000 151.000 2.000
131.000 300.000 0.000
132.000 100.000 14.000
132.000 140.000 19.000
132.000 151.000 32.000
132.000 300.000 0.000
133.000 100.000 3.000
133.000 149.000 5.000
133.000 300.000 0.000
134.000 137.000 1.000
134.000 151.000 2.000
134.000 249.000 4.000
134.000 300.000 0.000
135.000 100.000 17.000
135.000 111.000 22.000
135.000 137.000 39.000
135.000 300.000 0.000
136.000 100.000 3.000
136.000 140.000 4.000
136.000 151.000 6.000
136.000 300.000 0.000
137.000 100.000 14.000
137.000 118.000 15.000
137.000 137.000 28.000
137.000 149.000 30.000
137.000 300.000 0.000
138.000 107.000 18.000
138.000 137.000 20.000
138.000 300.000 0.000
139.000 148.000 1.000
139.000 159.000 2.000
139.000 300.000 0.000
140.000 100.000 24.000
140.000 143.000 29.000
140.000 300.000 0.000
141.000 100.000 13.000
141.000 111.000 80.000
141.000 143.000 107.000
141.000 194.000 1.000
141.000 207.000 2.000
141.000 218.000 3.000
141.000 240.000 4.000
141.000 300.000 0.000
142.000 100.000 1.000
142.000 300.000 0.000
143.000 100.000 9.000
143.000 112.000 10.000
143.000 123.000 19.000
143.000 134.000 23.000
143.000 145.000 103.000
143.000 196.000 2.000
143.000 207.000 6.000
143.000 240.000 8.000
143.000 300.000 0.000
144.000 100.000 8.000
144.000 137.000 11.000
144.000 148.000 16.000
144.000 300.000 0.000
145.000 100.000 1.000
145.000 117.000 2.000
145.000 137.000 4.000
145.000 208.000 7.000
145.000 300.000 0.000
146.000 100.000 6.000
146.000 300.000 0.000
147.000 100.000 46.000
147.000 141.000 88.000
147.000 192.000 2.000
147.000 300.000 0.000
148.000 148.000 1.000
148.000 197.000 2.000
148.000 208.000 3.000
148.000 300.000 0.000
149.000 100.000 1.000
149.000 118.000 2.000
149.000 141.000 3.000
149.000 152.000 5.000
149.000 300.000 0.000
150.000 100.000 6.000
150.000 111.000 14.000
150.000 300.000 0.000
151.000 116.000 1.000
151.000 141.000 2.000
151.000 300.000 0.000
152.000 100.000 1.000
152.000 111.000 2.000
152.000 137.000 7.000
152.000 300.000 0.000
153.000 100.000 3.000
153.000 111.000 5.000
153.000 122.000 7.000
153.000 137.000 10.000
153.000 300.000 0.000
154.000 268.000 1.000
154.000 300.000 0.000
155.000 100.000 9.000
155.000 159.000 11.000
155.000 300.000 0.000
156.000 100.000 2.000
156.000 112.000 3.000
156.000 148.000 5.000
156.000 300.000 0.000
157.000 100.000 3.000
157.000 117.000 5.000
157.000 128.000 6.000
157.000 139.000 12.000
157.000 150.000 14.000
157.000 300.000 0.000
158.000 100.000 13.000
158.000 111.000 23.000
158.000 140.000 28.000
158.000 151.000 31.000
158.000 300.000 0.000
159.000 100.000 6.000
159.000 111.000 13.000
159.000 143.000 16.000
159.000 300.000 0.000
160.000 100.000 9.000
160.000 111.000 10.000
160.000 122.000 18.000
160.000 137.000 29.000
160.000 300.000 0.000
161.000 100.000 5.000
161.000 111.000 7.000
161.000 137.000 12.000
161.000 300.000 0.000
162.000 137.000 1.000
162.000 300.000 0.000
164.000 100.000 3.000
164.000 111.000 4.000
164.000 122.000 10.000
164.000 137.000 23.000
164.000 211.000 29.000
164.000 300.000 0.000
165.000 100.000 10.000
165.000 111.000 29.000
165.000 137.000 47.000
165.000 300.000 0.000
167.000 100.000 1.000
167.000 111.000 8.000
167.000 125.000 9.000
167.000 136.000 10.000
167.000 147.000 26.000
167.000 300.000 0.000
168.000 100.000 1.000
168.000 111.000 7.000
168.000 122.000 10.000
168.000 134.000 11.000
168.000 145.000 62.000
168.000 300.000 0.000
169.000 100.000 13.000
169.000 116.000 18.000
169.000 300.000 0.000
170.000 100.000 1.000
170.000 112.000 2.000
170.000 123.000 4.000
170.000 137.000 8.000
170.000 300.000 0.000
171.000 100.000 5.000
171.000 138.000 6.000
171.000 149.000 8.000
171.000 160.000 10.000
171.000 211.000 12.000
171.000 300.000 0.000
172.000 100.000 27.000
172.000 111.000 30.000
172.000 141.000 41.000
172.000 300.000 0.000
173.000 100.000 3.000
173.000 111.000 4.000
173.000 137.000 11.000
173.000 149.000 14.000
173.000 300.000 0.000
174.000 100.000 10.000
174.000 111.000 17.000
174.000 137.000 26.000
174.000 300.000 0.000
175.000 267.000 1.000
175.000 300.000 0.000
176.000 100.000 12.000
176.000 111.000 15.000
176.000 137.000 22.000
176.000 300.000 0.000
178.000 100.000 3.000
178.000 141.000 4.000
178.000 152.000 9.000
178.000 300.000 0.000
179.000 100.000 44.000
179.000 111.000 75.000
179.000 137.000 127.000
179.000 188.000 0.000
179.000 300.000 0.000
180.000 100.000 8.000
180.000 118.000 10.000
180.000 137.000 22.000
180.000 300.000 0.000
181.000 100.000 17.000
181.000 300.000 0.000
182.000 100.000 17.000
182.000 116.000 20.000
182.000 137.000 29.000
182.000 300.000 0.000
183.000 100.000 9.000
183.000 141.000 14.000
183.000 152.000 20.000
183.000 300.000 0.000
184.000 100.000 2.000
184.000 300.000 0.000
185.000 100.000 3.000
185.000 112.000 4.000
185.000 123.000 6.000
185.000 137.000 9.000
185.000 300.000 0.000
186.000 107.000 23.000
186.000 118.000 58.000
186.000 137.000 113.000
186.000 188.000 1.000
186.000 199.000 4.000
186.000 210.000 21.000
186.000 221.000 22.000
186.000 300.000 0.000
187.000 100.000 3.000
187.000 117.000 4.000
187.000 137.000 11.000
187.000 300.000 0.000
188.000 149.000 1.000
188.000 300.000 0.000
189.000 111.000 -77.000
189.000 122.000 -48.000
189.000 133.000 -36.000
189.000 147.000 -27.000
189.000 158.000 -3.000
189.000 169.000 -1.000
189.000 188.000 -0.000
189.000 300.000 0.000
190.000 100.000 2.000
190.000 111.000 3.000
190.000 137.000 7.000
190.000 300.000 0.000
