   3148.000
  19992.000
   6765.000
  11419.000
   2733.000
   4564.000
  14756.000
  13391.000
  13381.000
  21577.000
  14160.000
   8838.000
  14052.000
  19569.000
   9737.000
   1530.000
  15549.000
   1341.000
   4430.000
   6123.000
   9782.000
   3608.000
   9391.000
   8812.000
  20307.000
  18468.000
  10512.000
   3617.000
   9478.000
   3635.000
  17203.000
   6647.000
  13289.000
   2188.000
  18507.000
   3281.000
  21469.000
   6221.000
    925.000
  14210.000
   6299.000
  19672.000
   2202.000
  18842.000
   4797.000
  14517.000
  11681.000
   7769.000
   2895.000
  13208.000
  16462.000
  20729.000
  12872.000
   1172.000
    494.000
   7217.000
   2970.000
  17947.000
  15054.000
  16502.000
   3074.000
   1125.000
   4766.000
   1982.000
  14868.000
   5512.000
  11857.000
  10320.000
   2306.000
  19615.000
  10464.000
  14850.000
   4861.000
  13211.000
  13351.000
  20055.000
  14904.000
  21444.000
  20919.000
    427.000
  15290.000
  17394.000
   5957.000
  16722.000
  20817.000
  16576.000
   5628.000
  15147.000
  16122.000
   6854.000
   4310.000
  21073.000
  13545.000
  12304.000
  21062.000
   9507.000
   8262.000
   1999.000
   9801.000
   8162.000
   9402.000
   5895.000
    861.000
   6679.000
   2564.000
  14094.000
  20434.000
  15544.000
   8992.000
   5967.000
  20439.000
  16572.000
   9267.000
   4103.000
   8777.000
  17383.000
  15315.000
  21312.000
    686.000
  16804.000
   5767.000
   9232.000
  17843.000
   5064.000
  10938.000
  13500.000
  12422.000
   2756.000
   8899.000
   6071.000
   7218.000
  17726.000
   6672.000
  16168.000
    458.000
  20924.000
   4552.000
  16376.000
  11658.000
  17352.000
  11731.000
   5494.000
   3446.000
   6040.000
  15920.000
  10271.000
  18975.000
   5449.000
  18432.000
   4869.000
  14633.000
   6603.000
   5467.000
    988.000
  10597.000
  12996.000
  13526.000
  13376.000
  19621.000
  20299.000
   4950.000
   9750.000
   3338.000
  13924.000
   9680.000
    575.000
  21485.000
  13152.000
   2727.000
   3397.000
   8959.000
  19057.000
   3386.000
  11937.000
    622.000
   5629.000
  18242.000
   3754.000
  18485.000
   9245.000
   8500.000
  20550.000
   9427.000
   7023.000
  14548.000
  10269.000
   1942.000
   7422.000
   1078.000
    188.000
   8444.000
  17426.000
   3638.000
  11920.000
  10547.000
   7845.000
  19278.000
   4694.000
  18179.000
  20262.000
  18170.000
  19190.000
  18188.000
   6543.000
   3717.000
     39.000
   3882.000
    917.000
  10501.000
  21209.000
   9764.000
  11362.000
   7912.000
  11227.000
  18148.000
   6035.000
  19863.000
  20673.000
   4495.000
  10001.000
   8764.000
  16644.000
   6112.000
  16849.000
  13659.000
   9687.000
  21186.000
  15276.000
  16592.000
  19737.000
   1779.000
  14435.000
   1679.000
  17904.000
    716.000
   9649.000
   7726.000
   3110.000
   5627.000
  19034.000
  17529.000
   7690.000
  18226.000
   3068.000
    646.000
   8675.000
  10536.000
   5894.000
  15471.000
  17422.000
   2311.000
  16276.000
   5194.000
   3028.000
  12080.000
  10371.000
   6859.000
   5595.000
  19441.000
  13909.000
  10736.000
  10392.000
   7707.000
   2368.000
  17164.000
  12448.000
   9996.000
  18241.000
   2527.000
    962.000
   2112.000
   5468.000
  14341.000
   2943.000
  21229.000
  17087.000
  18580.000
   2829.000
  20308.000
  11560.000
  10663.000
  21459.000
  11228.000
   8125.000
   7730.000
  16510.000
   4934.000
   4065.000
  10211.000
   2365.000
  14721.000
  20937.000
  10444.000
  10196.000
  12863.000
  21452.000
  20706.000
  21232.000
   5088.000
   7547.000
   7127.000
   9344.000
   7215.000
  14350.000
   3524.000
  12755.000
  13021.000
   4764.000
  13322.000
  21374.000
  17536.000
  20473.000
   3189.000
   7474.000
   1632.000
   1185.000
  18351.000
   7965.000
  19155.000
    554.000
  10218.000
  19520.000
  17448.000
   9110.000
  11405.000
  17711.000
  18096.000
  19966.000
   5786.000
   2450.000
  14485.000
   8513.000
  10997.000
  15092.000
  21430.000
  17809.000
  14523.000
   5785.000
  20907.000
   4630.000
   9340.000
  18694.000
   2369.000
   5609.000
  12908.000
   3592.000
   7643.000
   3511.000
  15457.000
  12480.000
  13331.000
   9669.000
  18233.000
  11979.000
  19677.000
   5733.000
  19813.000
  16294.000
  12846.000
  13538.000
  15303.000
  11888.000
  20489.000
  19590.000
   1914.000
    355.000
   7509.000
  18446.000
   4838.000
  17590.000
   6865.000
  21504.000
  20009.000
  19564.000
   2613.000
   3436.000
  20119.000
  16774.000
   2634.000
   9348.000
    715.000
  17407.000
   8397.000
  10430.000
   2436.000
   3244.000
   9874.000
    768.000
   3595.000
   5153.000
  15176.000
  10688.000
   6146.000
  16741.000
   6153.000
   9862.000
   8850.000
  14071.000
   9820.000
   7551.000
   4960.000
  13770.000
   5694.000
   7658.000
   3142.000
  12132.000
  21454.000
  18826.000
   7884.000
   2019.000
   2996.000
  21513.000
   7731.000
   8976.000
  16104.000
   8809.000
  14966.000
   2607.000
  12903.000
   2522.000
   4541.000
   5644.000
   6097.000
  17365.000
   4745.000
   9436.000
    882.000
  14480.000
  18129.000
  20045.000
    699.000
  18922.000
   2860.000
  15415.000
  18708.000
  17497.000
  14016.000
  17456.000
   9160.000
  20868.000
  10088.000
   2661.000
  17880.000
   5466.000
  14687.000
  11763.000
  17095.000
  18014.000
    739.000
  13009.000
  19073.000
  15339.000
   7487.000
  18305.000
  13037.000
  10138.000
    619.000
   4251.000
  20552.000
   1004.000
  14292.000
  21410.000
  17345.000
   9566.000
  20661.000
  16517.000
  18337.000
   1414.000
  19076.000
   7671.000
  12395.000
  16480.000
   3398.000
   8329.000
  20500.000
  21570.000
   5014.000
  10685.000
  14439.000
  16788.000
  15708.000
  19952.000
  15153.000
  10121.000
  16352.000
  21280.000
  15784.000
  13616.000
   7095.000
  12858.000
   9822.000
   2775.000
  12324.000
  16245.000
   7867.000
    766.000
   7047.000
  11558.000
   7571.000
  14883.000
   1792.000
  11003.000
  20875.000
   9900.000
  20090.000
  12981.000
   8994.000
  15458.000
  10213.000
  11407.000
  11427.000
  18849.000
   3590.000
   5741.000
  21350.000
   2889.000
   4369.000
   8097.000
  15906.000
  18289.000
  17870.000
  12381.000
   3786.000
   1494.000
  12073.000
   1426.000
  12375.000
  12430.000
  14542.000
    927.000
  14957.000
  20668.000
   9416.000
  18212.000
  14136.000
   9889.000
   1264.000
  15122.000
   4044.000
   5976.000
   8328.000
  14084.000
   9904.000
  12359.000
  13361.000
   1237.000
  17217.000
    670.000
   6314.000
    779.000
   9565.000
   8441.000
  15968.000
  17674.000
   3099.000
   6455.000
   1354.000
  12669.000
   2573.000
   8483.000
   7510.000
  19149.000
  20367.000
  16606.000
   7088.000
   5577.000
    241.000
  16883.000
   1190.000
   2910.000
  15269.000
  18675.000
  18232.000
   9865.000
  11234.000
  17813.000
  13003.000
   3972.000
  12130.000
  20226.000
  20840.000
  20901.000
  10417.000
    625.000
   7735.000
  18348.000
  10452.000
  11041.000
  16683.000
   1984.000
   6732.000
   7955.000
   1477.000
   3096.000
  12624.000
  11975.000
   8113.000
  14183.000
   8122.000
  16685.000
  19037.000
  17969.000
   9055.000
   1501.000
  20183.000
    718.000
  16652.000
  12022.000
   9029.000
   8958.000
  11771.000
   2765.000
   7074.000
  20617.000
  17578.000
  14743.000
   5148.000
  20884.000
  11318.000
   7499.000
   6691.000
  20400.000
  20771.000
   6330.000
  18219.000
  12625.000
   7773.000
   5532.000
  12975.000
  12015.000
   6739.000
  11533.000
  20427.000
  20163.000
  19376.000
  15942.000
   2821.000
  17196.000
  11737.000
   1513.000
  18355.000
   7578.000
  15755.000
   2274.000
   5234.000
   5926.000
   4159.000
   7667.000
   9424.000
   3054.000
    375.000
  15898.000
   2552.000
   5602.000
  17360.000
   6376.000
  20835.000
  13480.000
  10463.000
  10775.000
   5800.000
   8273.000
   1111.000
   5639.000
   3114.000
  18663.000
  11351.000
   4591.000
  15941.000
   6043.000
  18110.000
  16374.000
   7112.000
  14207.000
   6875.000
  15690.000
  10471.000
  17823.000
  11326.000
  12530.000
   6339.000
  17009.000
   4704.000
  21558.000
   3563.000
  19357.000
   6360.000
   1405.000
  10988.000
  12880.000
  20949.000
   6580.000
    487.000
   3308.000
  16430.000
  13473.000
  17613.000
  15694.000
   9872.000
   5483.000
   6510.000
   4142.000
  17905.000
  21140.000
  14759.000
  21421.000
  20492.000
  15496.000
  12166.000
  13324.000
   6693.000
  15628.000
   6678.000
    124.000
  13622.000
   9302.000
    497.000
  13342.000
  16748.000
   5653.000
  10336.000
  17629.000
   1624.000
  14713.000
   7403.000
  18789.000
  19423.000
   6578.000
   9988.000
  12775.000
  12809.000
   8239.000
  10070.000
  15937.000
   3116.000
   9087.000
  18404.000
   1552.000
   7964.000
  20317.000
  20088.000
  20566.000
  18322.000
  11491.000
  13157.000
  17573.000
  10883.000
  20466.000
   6777.000
   7652.000
   8581.000
  17704.000
   2782.000
   5796.000
  19021.000
  17331.000
  12095.000
     64.000
  10300.000
  15729.000
  19274.000
   9778.000
   4648.000
   3335.000
   4387.000
  13901.000
   8894.000
   1608.000
   1257.000
   6096.000
  12928.000
  21539.000
  12527.000
  18004.000
   5340.000
   2432.000
   4972.000
  20624.000
  12462.000
  11659.000
  16190.000
    217.000
  11054.000
   6958.000
  20663.000
  11317.000
  10935.000
   4767.000
  12970.000
  16923.000
   1802.000
   4028.000
   9231.000
   9099.000
  13915.000
  17428.000
   5535.000
  10687.000
   6905.000
  12441.000
  10214.000
   1977.000
  14863.000
  13180.000
    660.000
  16742.000
  12860.000
   4007.000
   8872.000
   7557.000
  15057.000
  11827.000
  10965.000
  17764.000
   2199.000
  17006.000
    181.000
  13400.000
  11414.000
   2461.000
  10996.000
  16134.000
   7333.000
   4714.000
  16267.000
   8182.000
  10651.000
   1791.000
  10085.000
   4058.000
  14556.000
   3931.000
   3060.000
   2921.000
  12498.000
    394.000
  13249.000
  19513.000
   5941.000
   3348.000
  11302.000
   3021.000
  13813.000
    532.000
  14075.000
  17290.000
  20782.000
   2401.000
   7485.000
   7784.000
   5718.000
   2177.000
  15344.000
   7054.000
  16347.000
    584.000
   1132.000
   2499.000
   2615.000
   1195.000
   7907.000
  15383.000
  11632.000
  16234.000
  18297.000
  19326.000
  20225.000
   4594.000
  11914.000
  14352.000
  14155.000
  17425.000
   9497.000
   7077.000
   1225.000
   3465.000
  11970.000
  16362.000
   1224.000
    798.000
   1094.000
  18403.000
    305.000
  20774.000
   3358.000
   9726.000
   7005.000
   8282.000
  14560.000
     55.000
  20968.000
   9326.000
  20665.000
   7780.000
  13583.000
   4492.000
  15355.000
   1526.000
  10265.000
  10457.000
  10733.000
    194.000
  16118.000
  10162.000
  14806.000
  20592.000
  16784.000
  18122.000
  14055.000
   6414.000
   9056.000
  13839.000
  15858.000
  18577.000
  19286.000
  18558.000
  16703.000
  14440.000
   3156.000
   8941.000
  17067.000
  18162.000
  11177.000
  13501.000
   2403.000
   8327.000
  12193.000
   5101.000
   1761.000
  13079.000
  13453.000
   4084.000
  11704.000
  18700.000
  11124.000
  19651.000
   2856.000
   9127.000
  20425.000
   9516.000
  17097.000
  19827.000
  15840.000
  18338.000
  18007.000
   9701.000
  19673.000
  11948.000
   6387.000
   2430.000
   1696.000
   1291.000
  17990.000
   6938.000
  14874.000
  13834.000
  10152.000
    369.000
  13266.000
  13308.000
   9643.000
  16728.000
  10529.000
  12758.000
  14457.000
   9765.000
  21491.000
  11503.000
   5203.000
   8981.000
  15326.000
  15493.000
   5417.000
   7939.000
  10533.000
  13934.000
   2473.000
   9993.000
   1616.000
   5797.000
  10975.000
  12944.000
  20570.000
   1572.000
   2083.000
  15577.000
  18989.000
  18552.000
   9699.000
  17621.000
  20957.000
  12453.000
  10160.000
   6654.000
   1207.000
   8841.000
  14928.000
   8428.000
  17716.000
  17416.000
  16985.000
   4659.000
   6619.000
  18243.000
   3050.000
  10361.000
    887.000
  21358.000
   3824.000
  19236.000
  17125.000
   3180.000
   1192.000
  19626.000
  11877.000
   8433.000
   8769.000
  20441.000
  12183.000
  13903.000
  11490.000
   6129.000
    613.000
   4578.000
  19399.000
   7490.000
  17908.000
  17554.000
  13776.000
  19025.000
  10365.000
   2290.000
   5431.000
  12115.000
  12912.000
  10613.000
   6630.000
  10168.000
  17533.000
  20075.000
  20744.000
  16348.000
    185.000
   7750.000
  11075.000
  19354.000
   8039.000
   8171.000
    912.000
   3000.000
  11086.000
  18140.000
   6396.000
   9371.000
   3531.000
  15417.000
  16912.000
   6754.000
   4425.000
  19532.000
  21022.000
  11815.000
   4057.000
  20956.000
   3896.000
  10887.000
    722.000
  19470.000
  14939.000
  17656.000
  15509.000
   5861.000
  16970.000
  13715.000
  17357.000
    870.000
  18774.000
  13435.000
   8369.000
