   4135.000
  21573.000
  20223.000
  19065.000
   4411.000
  12416.000
   6208.000
  14516.000
  21421.000
  21528.000
  20527.000
   7950.000
     86.000
  20125.000
  17949.000
  11767.000
   6365.000
   5616.000
  20915.000
  15457.000
  18805.000
   6315.000
  10552.000
  10199.000
  17430.000
   8245.000
  17512.000
  18259.000
  11085.000
   3648.000
    636.000
   2177.000
  16122.000
   3554.000
  16953.000
   2002.000
   1993.000
   1493.000
  10969.000
  16534.000
   8187.000
   4161.000
  20976.000
  19894.000
   1617.000
  17757.000
   4043.000
    394.000
   6828.000
   2416.000
   1620.000
  14658.000
  10851.000
  19568.000
  14103.000
  19908.000
   9300.000
   3350.000
   8541.000
  13978.000
  12504.000
   2534.000
  16158.000
   9229.000
   2760.000
   8828.000
   8358.000
   4992.000
   3814.000
   2708.000
  15782.000
   7767.000
    156.000
  10879.000
   4918.000
  13461.000
   8418.000
   3224.000
  13652.000
  20328.000
    351.000
    904.000
   3357.000
     57.000
  20714.000
   5235.000
  19814.000
   3510.000
  17708.000
  16928.000
   9582.000
   6046.000
  15465.000
    688.000
   2342.000
  12081.000
  12670.000
   3220.000
  15471.000
    781.000
  11390.000
  14214.000
   4269.000
   2973.000
  19189.000
   3795.000
   6082.000
   8573.000
    865.000
   2009.000
  11554.000
  14941.000
   8063.000
   5816.000
   3312.000
  13807.000
  12625.000
  19419.000
  20913.000
   8277.000
   8183.000
  12033.000
   2843.000
  20650.000
  15229.000
   6819.000
  16178.000
    431.000
  14904.000
  13340.000
  10553.000
  20119.000
  11632.000
  19876.000
    741.000
  13004.000
   4509.000
   7658.000
   1464.000
  20359.000
    792.000
  19607.000
   4613.000
   4217.000
  14561.000
  17022.000
  16055.000
  19686.000
   5965.000
  12829.000
   1136.000
   2421.000
  14760.000
  11551.000
  10641.000
   4767.000
  17255.000
  19851.000
  16334.000
  12162.000
   1399.000
  14842.000
  15116.000
   5788.000
  10242.000
   6538.000
    350.000
   8698.000
   2921.000
  20112.000
   7272.000
   2446.000
  20242.000
  14126.000
  18165.000
   3876.000
   2592.000
  10951.000
  10894.000
  18323.000
   3087.000
   3746.000
   8908.000
  17617.000
   5370.000
  18759.000
  14248.000
  16303.000
  20192.000
  20826.000
  17605.000
  17666.000
  11976.000
  13183.000
  11950.000
   6438.000
  17841.000
  11273.000
  20533.000
  16074.000
   6516.000
   9810.000
  10198.000
  11168.000
    359.000
  17173.000
  13369.000
  10113.000
   3598.000
  10655.000
   3848.000
   7574.000
  10537.000
  21530.000
   9259.000
  11482.000
   5210.000
   2313.000
   8530.000
  12910.000
   2621.000
  13948.000
  16297.000
   6470.000
  14277.000
  21312.000
  15239.000
   3494.000
   5476.000
  18248.000
   3574.000
   4540.000
   3359.000
   7515.000
  15869.000
  20577.000
   8729.000
  10321.000
  16151.000
  14610.000
   5915.000
    155.000
   8402.000
  19381.000
  17053.000
    784.000
   3857.000
  20266.000
   3703.000
  11831.000
   9568.000
   7896.000
   5154.000
  13212.000
   2480.000
   3217.000
  10363.000
  15150.000
   1945.000
   7949.000
  14346.000
   6632.000
   9401.000
  14376.000
   6349.000
   9169.000
  16295.000
  13935.000
  13167.000
  17589.000
  18127.000
   7667.000
  18585.000
  18124.000
   8289.000
   2063.000
  19554.000
   1928.000
  21273.000
  17017.000
   7044.000
  14347.000
  14540.000
   2142.000
  18044.000
  18467.000
   3329.000
   8784.000
   2146.000
  18362.000
   1684.000
  20978.000
    482.000
   1999.000
   3821.000
  15999.000
  18081.000
  18349.000
   7261.000
    174.000
   8261.000
  17088.000
   4806.000
  12467.000
   8622.000
  19002.000
  17628.000
    494.000
  12786.000
   1146.000
  18778.000
  13727.000
  15548.000
    983.000
   7053.000
   3995.000
  11171.000
    413.000
   6354.000
  16749.000
   6465.000
  16537.000
   3602.000
   9907.000
   1062.000
  12252.000
   8627.000
   7017.000
  14204.000
  15272.000
  13559.000
   9458.000
  15860.000
  20713.000
   8471.000
  15535.000
  15571.000
   8736.000
  10830.000
  10167.000
  11830.000
   9386.000
   1625.000
   3271.000
   6737.000
    608.000
  18520.000
   2275.000
  18867.000
  14677.000
  12712.000
    183.000
   4915.000
   8705.000
  20226.000
  19236.000
  14569.000
   2184.000
   1796.000
   9672.000
    682.000
   4880.000
  10990.000
  18400.000
   2745.000
  15466.000
  14609.000
  12685.000
  17004.000
  17506.000
  20173.000
  21271.000
   4078.000
   9804.000
  10371.000
  20396.000
  18583.000
  16754.000
   3084.000
  11304.000
  10407.000
  20770.000
   5122.000
  18705.000
  18978.000
   4763.000
   1628.000
  19537.000
  20730.000
  19755.000
   4295.000
   4331.000
  12271.000
   5183.000
   5182.000
   9640.000
  15510.000
  15491.000
  19009.000
   7561.000
   2162.000
  20538.000
   6932.000
  21042.000
  17478.000
   5025.000
  11722.000
   3698.000
   8401.000
  18547.000
  16690.000
   7894.000
   1048.000
  13421.000
    574.000
   7625.000
  11960.000
  11972.000
  12931.000
  17379.000
   8317.000
   5984.000
  12319.000
  10745.000
  14819.000
  16361.000
   6542.000
    218.000
  13197.000
  11766.000
   3582.000
  15320.000
   6735.000
    429.000
  17042.000
  15561.000
  18139.000
  17850.000
   2081.000
   5246.000
  15675.000
   4840.000
   1500.000
  20940.000
  19285.000
  14093.000
  16194.000
  15508.000
  10719.000
  14908.000
   9460.000
  18015.000
   9461.000
   9251.000
  17711.000
   5586.000
   6772.000
  17114.000
   7527.000
  19980.000
   7617.000
  13521.000
   3332.000
   5564.000
  19369.000
  16634.000
   3036.000
     84.000
   4727.000
   6736.000
   7863.000
   3188.000
  17655.000
  13248.000
  20661.000
  11324.000
    226.000
   2394.000
  16865.000
  15435.000
  16986.000
  13743.000
    414.000
   6859.000
  11481.000
  15404.000
   5127.000
  19088.000
   9211.000
   6306.000
   7696.000
  19983.000
   4212.000
   2879.000
  15793.000
   4585.000
   1127.000
   8275.000
  20330.000
  10686.000
  18639.000
  11229.000
   8115.000
   7803.000
   9046.000
  12996.000
      7.000
  14161.000
   4249.000
  13068.000
   8486.000
  18028.000
  12518.000
   3440.000
  10421.000
   5314.000
  14596.000
  18206.000
   7436.000
   3365.000
   2791.000
  11498.000
  17225.000
   8345.000
   4826.000
   3115.000
   2608.000
  19965.000
  10662.000
  15001.000
   4852.000
   2381.000
  11999.000
  16405.000
   2832.000
  20218.000
   1237.000
  19313.000
   6146.000
   6875.000
  16119.000
   7811.000
   1235.000
    500.000
  21498.000
   7205.000
   7396.000
   3157.000
   4176.000
   9639.000
  12003.000
  18709.000
   9106.000
   2248.000
  15802.000
   9130.000
   3280.000
  15883.000
   5148.000
   5215.000
  13175.000
   5490.000
   2371.000
   9028.000
   8170.000
   2906.000
   6029.000
   6546.000
  11575.000
   5007.000
    987.000
   5575.000
  18560.000
  12663.000
  13453.000
  15722.000
   1211.000
  16312.000
  13020.000
    964.000
  10012.000
  11117.000
     32.000
   3685.000
   7859.000
  15299.000
  12191.000
   4081.000
   1739.000
  19543.000
  17804.000
   8869.000
  19217.000
  15651.000
  12968.000
  14434.000
   8577.000
  14726.000
  18874.000
  16484.000
   6603.000
  13541.000
  12253.000
   1938.000
  12348.000
   6680.000
   6221.000
   1478.000
   5746.000
   6854.000
   8615.000
    759.000
   3117.000
  17281.000
  15279.000
  20214.000
   6474.000
  18475.000
   7306.000
  20731.000
  13883.000
  13930.000
   7045.000
  11583.000
   4110.000
   3057.000
  13416.000
   9110.000
  16062.000
   2753.000
  11909.000
   1609.000
  21269.000
   9366.000
   8899.000
   6073.000
    718.000
  12693.000
  14009.000
   6803.000
  17883.000
  21305.000
   4344.000
  16918.000
   3044.000
  10178.000
  18202.000
  21332.000
  19391.000
  12221.000
   9468.000
  15500.000
  20161.000
   9940.000
   6106.000
   4537.000
  12031.000
   9479.000
  20924.000
  19127.000
  19521.000
   9436.000
  16526.000
  13659.000
   4620.000
   9297.000
   3177.000
  17250.000
  13512.000
  16177.000
  17331.000
    388.000
   2344.000
   1900.000
   9620.000
   1981.000
  16902.000
  20452.000
   2806.000
  19050.000
  16501.000
   3212.000
  19452.000
   3394.000
   6458.000
   5810.000
  17844.000
  10629.000
  14885.000
   8767.000
   3524.000
  17970.000
  17033.000
   2306.000
   6571.000
  17802.000
  12350.000
   6019.000
   7343.000
  16017.000
  16196.000
  17609.000
   8542.000
  18664.000
   8087.000
   1831.000
  19831.000
     60.000
   4152.000
    776.000
  13227.000
  21094.000
  14088.000
  19040.000
  16234.000
   6526.000
  18723.000
   5749.000
  15355.000
  14508.000
  12278.000
   5430.000
  14307.000
  18094.000
   4778.000
  20838.000
  12487.000
  11861.000
  12585.000
  14463.000
  16476.000
   4822.000
  10470.000
   9178.000
    490.000
  17553.000
   7063.000
   7921.000
   7194.000
   3594.000
    345.000
  12683.000
  14293.000
  11718.000
   3637.000
  14912.000
  16873.000
   1513.000
   1118.000
  15724.000
  20552.000
  11388.000
  13498.000
   8303.000
   1552.000
  13439.000
   8580.000
   4472.000
  19303.000
   8762.000
   9298.000
   5955.000
  14789.000
  16509.000
  15836.000
  18396.000
  19524.000
  13707.000
   6667.000
   8056.000
   7380.000
  18353.000
  11460.000
  15886.000
  20632.000
  10931.000
   9096.000
   1251.000
   3749.000
  17687.000
  11424.000
  13259.000
   1460.000
   4554.000
   8092.000
   4288.000
  21250.000
  17701.000
  15034.000
   7313.000
   1312.000
  19642.000
  14332.000
   3374.000
   7820.000
   7635.000
  10359.000
   8428.000
   9212.000
  12315.000
  17810.000
   2710.000
   7888.000
   2996.000
  21344.000
  11153.000
  10158.000
  17401.000
  14854.000
   8641.000
   3006.000
  20088.000
  20307.000
   1152.000
  17297.000
   8657.000
  19118.000
    635.000
  18851.000
  13325.000
  17693.000
   1723.000
  20475.000
  14980.000
    225.000
  17066.000
  17748.000
  19563.000
  19138.000
   1345.000
  18326.000
  10979.000
  15119.000
  10940.000
   4008.000
   7303.000
  19526.000
  12591.000
   4974.000
  16603.000
  13338.000
     43.000
   5567.000
  12989.000
    208.000
   6273.000
   9437.000
   2916.000
   4433.000
  10344.000
    675.000
  20268.000
  12512.000
   2167.000
   8791.000
  10147.000
   9196.000
  13660.000
   4736.000
   4148.000
  11948.000
  16016.000
  17306.000
  13545.000
   4454.000
  20008.000
   1367.000
  16451.000
  13654.000
  18313.000
  17119.000
   9701.000
   1766.000
  10442.000
  17981.000
  10608.000
  12236.000
   5165.000
    231.000
   4332.000
  18700.000
  15963.000
  17108.000
   1269.000
  18073.000
  11489.000
  11859.000
   2749.000
   4248.000
  19248.000
  21362.000
   5405.000
  14617.000
  20347.000
    860.000
   8177.000
  15603.000
   8126.000
   4946.000
   3645.000
  19440.000
  21278.000
   2211.000
  15608.000
   2186.000
   2970.000
   2069.000
  16799.000
   6900.000
   5706.000
   6880.000
   5535.000
   4997.000
  17373.000
   3195.000
  20068.000
  17097.000
  15616.000
  14437.000
  20741.000
  16426.000
   9186.000
   5401.000
  17856.000
   4742.000
   7209.000
   9177.000
   7356.000
   2680.000
  21431.000
   8937.000
   6195.000
  14953.000
   4396.000
  19745.000
  11249.000
  21379.000
  11156.000
  13174.000
   9625.000
  18341.000
   9209.000
   8301.000
  21153.000
   1911.000
  20844.000
  11877.000
   7331.000
  14206.000
   7510.000
   3642.000
  16092.000
  12427.000
   1044.000
   6202.000
  17875.000
  15107.000
  19019.000
  16492.000
   2665.000
   4708.000
  12079.000
    588.000
   6048.000
  10005.000
  18925.000
  17051.000
   7095.000
   8716.000
    265.000
   2387.000
  12834.000
  19311.000
   8984.000
   3527.000
  13081.000
  15053.000
  19929.000
  16479.000
   2877.000
  11853.000
   4386.000
      0.000
  19035.000
   7359.000
   4160.000
   3005.000
  17057.000
   7129.000
  15557.000
  19735.000
    328.000
   2655.000
  19847.000
  13751.000
   3540.000
  13354.000
   3076.000
   2660.000
  17581.000
  16413.000
   9205.000
   6786.000
  18677.000
  19819.000
  12935.000
   2943.000
   7917.000
  11120.000
  10079.000
  12641.000
   9659.000
  21090.000
   9679.000
  15242.000
   1960.000
  16792.000
  21117.000
  18216.000
  18235.000
  19678.000
   8919.000
   9380.000
  14589.000
  11271.000
   9422.000
   3549.000
   2251.000
   6091.000
   7166.000
  15133.000
   6915.000
  21179.000
   8141.000
    229.000
  11497.000
  11283.000
  13150.000
   7555.000
   3467.000
  18767.000
   7042.000
  15002.000
  20691.000
  13779.000
   7885.000
    198.000
   3454.000
  16676.000
   1914.000
   6907.000
  14844.000
  19575.000
  11605.000
  14527.000
  17350.000
  20862.000
  20455.000
  15127.000
  17615.000
  11121.000
   1972.000
  16750.000
  11640.000
  11777.000
   6200.000
  16532.000
  19990.000
  10189.000
  11195.000
  12747.000
   4186.000
  15604.000
   7753.000
   6569.000
  10690.000
   2375.000
  16858.000
  16581.000
