   1790.000
   7788.000
  20253.000
  21306.000
  18765.000
  10746.000
  11903.000
   1999.000
   2076.000
   2318.000
  12514.000
   1641.000
  18190.000
  19427.000
    116.000
   7917.000
  21301.000
   7747.000
   5197.000
  14615.000
   2040.000
   3444.000
  11878.000
  11094.000
   1064.000
   5940.000
   4799.000
    172.000
   3320.000
  19411.000
   1756.000
   5939.000
   3594.000
  11331.000
  16365.000
   1195.000
  13253.000
  17948.000
    713.000
  14886.000
  17574.000
  14166.000
   2280.000
  21173.000
  12760.000
  12950.000
  16409.000
  15727.000
  15673.000
   1737.000
  19721.000
   7061.000
  14197.000
  12933.000
   5022.000
  11537.000
   7273.000
  10375.000
  21189.000
   4837.000
  12574.000
   7113.000
   8482.000
  21504.000
  11081.000
   9095.000
  11197.000
   6849.000
  10086.000
  10127.000
  16659.000
   8023.000
  16829.000
   2962.000
  13778.000
  10900.000
     53.000
  21055.000
   9046.000
   6620.000
   3695.000
  20301.000
    941.000
   9518.000
   8913.000
   5931.000
   9332.000
   8590.000
   6721.000
   5160.000
    669.000
   5523.000
  17038.000
   8564.000
  16136.000
   3525.000
   6299.000
   2910.000
  11447.000
   7854.000
   8666.000
  14993.000
  18664.000
   8173.000
   4048.000
   2404.000
  16164.000
  15577.000
   7495.000
  11905.000
     95.000
   5697.000
   2467.000
  16893.000
   8772.000
   6940.000
   2037.000
  14079.000
  20229.000
  20915.000
   2308.000
   1640.000
  14657.000
  10709.000
  16047.000
   2821.000
  16686.000
   6822.000
   8280.000
   4745.000
  16761.000
  12331.000
   9895.000
   5321.000
  14308.000
  18509.000
   2699.000
  12345.000
  14769.000
    859.000
  15518.000
  21297.000
  21146.000
   8499.000
   7963.000
  16203.000
   2442.000
  11351.000
  10702.000
  16703.000
  17423.000
  20449.000
    955.000
  20004.000
  20804.000
  12727.000
    638.000
   6897.000
  20057.000
   7447.000
  19664.000
  17436.000
  15749.000
  12803.000
  19546.000
  11344.000
  18521.000
   2579.000
   3422.000
    138.000
  18448.000
   4075.000
   2262.000
   2002.000
    207.000
   4201.000
  12202.000
  17854.000
   3758.000
   7282.000
   3189.000
  20175.000
  13234.000
   2609.000
    107.000
   6266.000
   1836.000
   7806.000
  14450.000
   8882.000
  19482.000
  18675.000
  20481.000
    435.000
  15564.000
   4498.000
   2815.000
   9342.000
  13154.000
    757.000
   7746.000
   6947.000
  13408.000
  19361.000
  17885.000
  16220.000
   2289.000
   1552.000
   4401.000
   5925.000
   3405.000
  14110.000
  11776.000
  16504.000
  13176.000
   4183.000
  14264.000
  13823.000
   4578.000
   1816.000
   6422.000
   4569.000
   4271.000
   6501.000
  11295.000
    970.000
  15877.000
  13119.000
  18201.000
  18849.000
   4979.000
  18138.000
   5738.000
   6923.000
   9519.000
  12379.000
  11801.000
   2243.000
   7157.000
  12567.000
    948.000
   1543.000
  10290.000
   1469.000
  10847.000
  12164.000
   1368.000
  11860.000
  18798.000
   6473.000
  17738.000
   5168.000
   1310.000
   6624.000
   8455.000
   9158.000
  10615.000
  19247.000
   1729.000
  21289.000
  10927.000
  20976.000
   2558.000
   6991.000
  15277.000
   6605.000
  14431.000
  13609.000
   5673.000
   6536.000
   7688.000
    407.000
  18334.000
   3399.000
  12493.000
   9672.000
  11095.000
  13455.000
    826.000
   5379.000
   7417.000
  20209.000
   3663.000
   2188.000
   5849.000
   8907.000
   4461.000
   5207.000
  14850.000
  10241.000
  17377.000
   3319.000
  10016.000
  12500.000
   1544.000
  19347.000
  12685.000
   2653.000
  20617.000
  10735.000
   5976.000
   4487.000
   7765.000
   8860.000
  16939.000
  18648.000
   5510.000
   4245.000
   2113.000
    702.000
   3384.000
  13464.000
  18494.000
  19509.000
  13664.000
   4774.000
   7616.000
  10708.000
  19989.000
   1012.000
   4034.000
  12448.000
  16557.000
  19611.000
   6756.000
  14409.000
   4936.000
   9902.000
   7701.000
   7057.000
  16853.000
  12839.000
  15090.000
   8306.000
  18859.000
   6288.000
   2731.000
   3550.000
   1188.000
  15951.000
   9865.000
   5862.000
   3404.000
  20535.000
   1619.000
  17550.000
  10841.000
  21402.000
   1052.000
  17975.000
  11786.000
  20279.000
   8115.000
   3263.000
   5749.000
   1030.000
   9344.000
  21014.000
   5949.000
   8683.000
  15311.000
  18953.000
  11367.000
   2928.000
  19497.000
   8132.000
   9975.000
  11892.000
  20154.000
  18179.000
   2556.000
  17124.000
   9256.000
  10463.000
  12543.000
   2208.000
   4198.000
   4371.000
    910.000
  20086.000
  13680.000
   2169.000
  16931.000
   1045.000
  13890.000
   2706.000
   9421.000
   3603.000
  16145.000
   2848.000
   3250.000
    763.000
  10059.000
  14477.000
  12003.000
  10367.000
   4427.000
   1175.000
  13213.000
  10807.000
  20635.000
    170.000
   8363.000
   8139.000
   9600.000
   6146.000
  13574.000
   7269.000
  12702.000
  19686.000
   6389.000
  11865.000
  17162.000
   9736.000
  12443.000
   7138.000
   7595.000
  11263.000
  18194.000
   5159.000
  20260.000
    513.000
   5648.000
  18917.000
   4907.000
  20306.000
  14031.000
   6476.000
  10346.000
   4579.000
  17818.000
  10490.000
   9721.000
  17827.000
   8289.000
  15161.000
  13063.000
   1701.000
   3691.000
  15888.000
  13169.000
  19909.000
   7976.000
  19634.000
   6120.000
  15746.000
   9366.000
   6462.000
  15733.000
  13263.000
   7796.000
   8736.000
  15455.000
  19524.000
   4439.000
  19355.000
   7116.000
   5156.000
   1119.000
   1879.000
  11571.000
   6252.000
   4560.000
  12213.000
   8721.000
  11383.000
  16963.000
  15412.000
    181.000
   1983.000
     33.000
   1750.000
  11983.000
  14534.000
  13419.000
  19022.000
   6561.000
  13479.000
  16408.000
  19870.000
  17037.000
  12258.000
    123.000
  14959.000
   5753.000
  21530.000
   3434.000
  12389.000
    982.000
  21205.000
   8060.000
   1397.000
   8390.000
  13224.000
  15373.000
  20972.000
  16011.000
   1467.000
   2237.000
  12440.000
   1144.000
  15115.000
    343.000
  19655.000
   2888.000
   2994.000
    402.000
   2951.000
   4076.000
   7573.000
   9576.000
  16068.000
  14768.000
  19193.000
  10553.000
  19190.000
   7031.000
   2748.000
   8410.000
   9844.000
   6057.000
   8136.000
  10877.000
   1628.000
  12467.000
  12589.000
  10622.000
   2353.000
  15462.000
   3328.000
  10082.000
  15970.000
  11981.000
  18678.000
  15633.000
  10280.000
  11821.000
   9084.000
   9974.000
  15402.000
  12666.000
   8156.000
   5967.000
   7723.000
  19735.000
  21245.000
   6059.000
   8994.000
   5758.000
   1395.000
  16881.000
   3633.000
   8848.000
  17299.000
   3253.000
  20993.000
   9545.000
   3365.000
  15288.000
   7207.000
   9291.000
  17850.000
  21522.000
   8052.000
  16836.000
  16493.000
   1357.000
  11671.000
  11031.000
   1597.000
  10578.000
  11935.000
  17838.000
  16488.000
  14948.000
   7935.000
  13519.000
  19333.000
   4999.000
   5540.000
    240.000
    232.000
   8697.000
  11920.000
   2544.000
  20316.000
  14805.000
   9623.000
   6160.000
  21355.000
  15072.000
    379.000
   4740.000
  19556.000
   9797.000
   9255.000
  15619.000
   7862.000
  18938.000
   1869.000
   8850.000
  20588.000
  13274.000
  15011.000
  14901.000
  14602.000
   1421.000
   4307.000
   1835.000
  13329.000
   3406.000
  13541.000
   8539.000
   6386.000
  20743.000
  10510.000
   8271.000
   8897.000
   8603.000
    705.000
   6318.000
  20248.000
   7000.000
  17524.000
   9473.000
   8881.000
   3699.000
   3994.000
  20019.000
   3490.000
  12383.000
   3019.000
   1252.000
  19991.000
   7150.000
   9807.000
   2085.000
  11716.000
   1726.000
  15439.000
  20054.000
  18990.000
   5848.000
  14203.000
  15900.000
   7403.000
  15722.000
   3759.000
   7172.000
  21486.000
  10865.000
  18677.000
  16276.000
  19844.000
  13212.000
  19572.000
   5369.000
  10008.000
   6251.000
  20605.000
  11127.000
  12245.000
  17418.000
   9630.000
  12070.000
  20957.000
  21352.000
   7274.000
  10278.000
  21169.000
   3797.000
    924.000
  19887.000
   9212.000
  20751.000
  14554.000
  11505.000
   6202.000
  20136.000
   9642.000
  17135.000
   7871.000
   4996.000
  12167.000
  16665.000
  12784.000
  20421.000
  18397.000
  18456.000
   1990.000
   5504.000
   4713.000
  18482.000
   8971.000
  14279.000
  10820.000
  14083.000
  19615.000
  14551.000
  17239.000
   2783.000
  11917.000
    238.000
  14108.000
  11096.000
   2212.000
   2008.000
   8641.000
  17305.000
   2403.000
  21092.000
   5190.000
  15448.000
  20660.000
  20018.000
  19462.000
   7920.000
  19117.000
  19222.000
  18200.000
    728.000
   8066.000
  20261.000
   8476.000
    883.000
  16498.000
   7322.000
  14299.000
  20869.000
   3099.000
  12506.000
   3573.000
   5520.000
  21427.000
  19025.000
   7830.000
  20569.000
  14209.000
  19775.000
  20401.000
   3642.000
  20696.000
  19109.000
  10588.000
  11525.000
  19241.000
  10406.000
  21456.000
   5228.000
   1931.000
   4930.000
   9214.000
  11269.000
   5644.000
  17552.000
  12015.000
     89.000
   8582.000
  10520.000
  19886.000
  13654.000
  13204.000
  20663.000
   5309.000
  17846.000
  19421.000
  19685.000
  13852.000
   1665.000
  10024.000
  15573.000
   7193.000
  15334.000
  17057.000
  15135.000
   1022.000
  11186.000
   2624.000
  12881.000
  17683.000
  20325.000
  10761.000
  13201.000
   2249.000
   1631.000
  13103.000
  21311.000
    290.000
  17839.000
  16167.000
    742.000
  13219.000
  13748.000
  11578.000
   8999.000
  12555.000
  12804.000
  10671.000
  21142.000
   9811.000
  11906.000
    453.000
  19212.000
  12899.000
  15289.000
  15492.000
  16632.000
   2915.000
  13919.000
  19493.000
   1031.000
  10568.000
  17869.000
   9368.000
   6839.000
   4825.000
  13825.000
  17220.000
   4812.000
   1205.000
  10319.000
   9131.000
  17151.000
   6629.000
   9101.000
   7505.000
  18819.000
   2781.000
   2405.000
  21087.000
  17113.000
  19628.000
  10226.000
  11013.000
   5946.000
  18029.000
  19491.000
  11830.000
   7879.000
   9106.000
  20017.000
   1160.000
  17978.000
   2893.000
   6671.000
   1023.000
   1769.000
   5179.000
   9783.000
    549.000
  17499.000
   7692.000
  13631.000
  21364.000
   3784.000
  15368.000
  20676.000
   6542.000
   4361.000
  19892.000
  11141.000
  13039.000
  11816.000
   7367.000
   1214.000
  17981.000
  12516.000
  10245.000
   3806.000
  12752.000
   4069.000
   5566.000
  21143.000
   9357.000
  20842.000
  13012.000
  17287.000
   5541.000
  10724.000
   2909.000
   8618.000
  21566.000
  19264.000
  11260.000
   4857.000
  11222.000
  13175.000
   7575.000
   3775.000
    808.000
   2497.000
  14363.000
   2044.000
  11244.000
  13069.000
  13483.000
    846.000
  19884.000
  19656.000
  16787.000
  15320.000
    394.000
  14571.000
   5013.000
  18344.000
  10062.000
  21184.000
   3091.000
  19738.000
  10608.000
  14987.000
  14614.000
  15087.000
   5494.000
  12866.000
  13649.000
  11213.000
  19002.000
    618.000
   8909.000
  19778.000
  20702.000
  21390.000
   5950.000
   5535.000
   4545.000
  17045.000
   1826.000
  17548.000
   7664.000
  12132.000
  17605.000
  15578.000
  20939.000
   3526.000
  16057.000
  10419.000
    203.000
  17754.000
  21243.000
    155.000
   8093.000
  17435.000
   7766.000
   4517.000
   8417.000
  12046.000
  18873.000
  17215.000
   9872.000
  13493.000
  17753.000
  12452.000
   9694.000
  18974.000
  11702.000
    512.000
  18858.000
  10420.000
   8654.000
   3591.000
  13543.000
  11861.000
   4620.000
  12796.000
  18030.000
  19990.000
   5663.000
  15553.000
  12175.000
   1749.000
  17047.000
  13545.000
   8986.000
  13251.000
  15597.000
   1444.000
   5141.000
  16122.000
  20982.000
   5431.000
  15943.000
   4068.000
   6738.000
   7783.000
    132.000
   1301.000
   6745.000
   2641.000
    498.000
   8997.000
   3472.000
   1596.000
  18102.000
  11052.000
   3112.000
   8862.000
  21260.000
  17390.000
  19830.000
  13901.000
   3158.000
  10832.000
  12575.000
   9238.000
  11421.000
   1960.000
   4138.000
  20815.000
  10926.000
  11454.000
   9540.000
   7863.000
   5941.000
  15426.000
   9652.000
     19.000
   5263.000
   3233.000
   1354.000
  19899.000
  18264.000
   7011.000
   6544.000
  12017.000
  11992.000
  11349.000
  14797.000
   2444.000
  21568.000
  16139.000
    338.000
  15027.000
  18606.000
  17011.000
  10421.000
  12718.000
  10514.000
   8504.000
   7241.000
  14889.000
    654.000
   4993.000
   4785.000
   6530.000
  17759.000
  13457.000
   1245.000
  19646.000
   9625.000
    599.000
  21049.000
  10801.000
  18439.000
  14143.000
  18112.000
   4256.000
  21152.000
  17323.000
    740.000
  21434.000
   8211.000
  18333.000
   3496.000
   6405.000
  18161.000
   5403.000
   2407.000
  11239.000
  18929.000
   3329.000
  13739.000
  14777.000
  10126.000
   6003.000
  16001.000
   4170.000
   4931.000
   4830.000
   5772.000
  20313.000
  19771.000
  12717.000
   4608.000
   1947.000
  18983.000
   1396.000
  14846.000
      2.000
  21072.000
  10674.000
  17938.000
  17000.000
  11035.000
  18684.000
   3688.000
   7340.000
   1803.000
  20562.000
  17648.000
  21238.000
  11439.000
   2261.000
  21375.000
   8112.000
  15966.000
   8494.000
   7632.000
  10355.000
  13591.000
  17381.000
  19528.000
   3028.000
   4065.000
  16864.000
   4990.000
  14776.000
  13195.000
   6876.000
  12119.000
  21542.000
   4738.000
  14704.000
   2740.000
  15703.000
  18168.000
   1462.000
  15394.000
  11298.000
  21037.000
  12622.000
  19904.000
  14670.000
   6102.000
   9445.000
  14866.000
  12856.000
   8532.000
   8022.000
  17870.000
   2421.000
  13787.000
  20776.000
  11090.000
   1281.000
  13588.000
   9418.000
   3529.000
  14873.000
   4840.000
    838.000
   1642.000
   2813.000
   8251.000
  18764.000
  15030.000
   7593.000
  17723.000
    806.000
  21041.000
  14891.000
  12590.000
   5835.000
   3889.000
   2513.000
  16361.000
  10559.000
  14307.000
   2430.000
  17144.000
  15650.000
   6632.000
   3265.000
   9746.000
   7382.000
    127.000
  20172.000
  21485.000
  13729.000
  15854.000
   7135.000
  17049.000
   8923.000
  15920.000
   6625.000
  13392.000
   9897.000
  13540.000
  13792.000
   9845.000
   1906.000
  13853.000
   2313.000
   9933.000
  18197.000
  21208.000
   1387.000
  12952.000
  20929.000
   7859.000
  17931.000
  13692.000
  12352.000
   6975.000
   4778.000
  18388.000
   2277.000
  15122.000
   9990.000
  13290.000
   7439.000
   8943.000
  19650.000
   6660.000
  18735.000
   2102.000
    633.000
  12649.000
  16657.000
  13237.000
  10899.000
   6374.000
    681.000
  17580.000
  16183.000
   2741.000
    192.000
  12483.000
   9917.000
  18418.000
     81.000
  21183.000
  13734.000
   5416.000
  11849.000
  13055.000
   2052.000
   4622.000
  20080.000
  19255.000
  16016.000
   8973.000
   5394.000
   7022.000
  16065.000
  17560.000
   9057.000
  11993.000
   7606.000
  15444.000
  18589.000
   3522.000
   5410.000
   1915.000
   8675.000
   5191.000
   1309.000
  11386.000
  16551.000
   1410.000
   1010.000
   6309.000
   5543.000
  11682.000
   2835.000
  11287.000
   3366.000
  13233.000
  11357.000
   6924.000
    854.000
   8373.000
   1076.000
  17364.000
   9613.000
   8823.000
  19239.000
  15421.000
  14448.000
  14185.000
   1118.000
  13450.000
   3694.000
   7348.000
  19911.000
  16237.000
    385.000
    853.000
  20398.000
   6112.000
  13505.000
   7745.000
   7772.000
  12342.000
  14685.000
   5534.000
   5055.000
  20595.000
   8764.000
  18426.000
  12698.000
   4685.000
  16470.000
  20188.000
  14105.000
   9674.000
   5206.000
  14496.000
  20596.000
  16721.000
   4288.000
   7933.000
  19369.000
  12429.000
   2482.000
   9125.000
  17774.000
  16758.000
  10221.000
   6298.000
    437.000
  13486.000
  14278.000
   8038.000
   3180.000
   4378.000
     77.000
  14576.000
  11363.000
     96.000
    751.000
  13760.000
  12731.000
   6995.000
  13722.000
  12837.000
  17101.000
  19035.000
   7666.000
   2469.000
  12683.000
  13730.000
   8396.000
   8446.000
  14338.000
   3295.000
  12178.000
   4938.000
   9604.000
   8301.000
   1270.000
  19805.000
   4599.000
  11098.000
   2123.000
  15259.000
  16177.000
  10160.000
  11913.000
   1889.000
  15726.000
  20968.000
   5461.000
  19113.000
   2596.000
      3.000
  11233.000
  10110.000
    237.000
  15355.000
  20118.000
  12214.000
    631.000
   7686.000
  10006.000
   2223.000
   5040.000
  15443.000
   3796.000
   4992.000
   4251.000
   7386.000
  19227.000
  10045.000
  18255.000
  12024.000
   3036.000
   7350.000
   3165.000
    542.000
   9918.000
  11488.000
  18599.000
  12466.000
  17923.000
    863.000
   3532.000
  13618.000
  17122.000
   6225.000
    816.000
   6339.000
  18115.000
   7551.000
  15226.000
   5144.000
   9553.000
    956.000
  15051.000
  21177.000
    782.000
   8849.000
   4409.000
  10096.000
  18173.000
  20304.000
  14258.000
   7550.000
   2594.000
  11644.000
   3912.000
  17740.000
  13254.000
  20431.000
  17325.000
   2825.000
   4320.000
   9263.000
  10772.000
  16415.000
   1653.000
  17177.000
  13537.000
   6154.000
  10706.000
   5893.000
  11256.000
   8121.000
   2561.000
  16519.000
   8474.000
  13875.000
  12136.000
   9169.000
  15200.000
  16545.000
  11615.000
  12766.000
  20238.000
   8043.000
  20265.000
  19740.000
  19081.000
   6672.000
   7237.000
  18652.000
  17620.000
  11444.000
   5367.000
  10162.000
   7938.000
   8335.000
  15830.000
  12986.000
   7446.000
    174.000
  13753.000
   7137.000
  21052.000
   4379.000
   4941.000
   6124.000
  13698.000
  15543.000
   7812.000
   8871.000
   3269.000
   2389.000
  13570.000
  14999.000
   8457.000
   9364.000
  14941.000
  16603.000
  14753.000
  21463.000
   3697.000
  14465.000
   6327.000
  17943.000
  20001.000
  13644.000
  19120.000
   2225.000
  14090.000
  15372.000
  14593.000
  12874.000
   2545.000
  12799.000
  13364.000
  15298.000
   4268.000
   2494.000
  14622.000
   2144.000
   2286.000
   1811.000
  20850.000
  12018.000
   8277.000
  15798.000
   9765.000
   6909.000
   7889.000
  16208.000
   5251.000
   5412.000
   3488.000
  11021.000
  14333.000
  17024.000
   1702.000
   8708.000
   3651.000
  12895.000
   9984.000
   7979.000
   3511.000
  19555.000
   9919.000
  16184.000
   4464.000
  18272.000
  13799.000
  14236.000
   6390.000
    867.000
   4883.000
   9311.000
  17014.000
  18275.000
   4737.000
   4217.000
   2452.000
   4353.000
   3138.000
   1974.000
   1180.000
  15640.000
  17497.000
  12179.000
   2538.000
   2091.000
   3657.000
  15713.000
   8221.000
   3650.000
   5764.000
  17293.000
  20014.000
  13135.000
  14445.000
   1577.000
  13976.000
  18975.000
  19326.000
  21482.000
   3566.000
  17374.000
   6880.000
  20906.000
   9239.000
  12229.000
  10273.000
  16649.000
   9756.000
  15183.000
   7641.000
  18307.000
   4475.000
    313.000
  12505.000
  14387.000
   8360.000
  19099.000
  12512.000
  16420.000
  13379.000
  15908.000
  10778.000
  18871.000
  10949.000
    636.000
   8891.000
  18453.000
  17078.000
    537.000
   8726.000
  11770.000
  10753.000
  13582.000
  20516.000
   3623.000
   1738.000
  17540.000
   8467.000
   2950.000
   4806.000
   2380.000
   5457.000
   1773.000
  12381.000
  18601.000
  10954.000
   1340.000
  20228.000
   3880.000
  12201.000
  14017.000
   4207.000
  14371.000
  13866.000
   7720.000
  18091.000
   4079.000
   8769.000
   3729.000
  19829.000
   8392.000
  11045.000
   5002.000
  13426.000
  15675.000
  15954.000
  18607.000
  18782.000
   4708.000
  12955.000
   6670.000
   3396.000
  17366.000
   7309.000
   5065.000
  19032.000
  19820.000
   3272.000
  21329.000
  11653.000
  14744.000
   7513.000
  21553.000
  19957.000
  10587.000
   2290.000
  18070.000
  17530.000
   9173.000
  11252.000
   2324.000
   7121.000
  11901.000
  16889.000
  12639.000
  17921.000
   8071.000
   1319.000
  20698.000
    799.000
  10095.000
   6914.000
   6932.000
  10934.000
  18874.000
  11585.000
   7893.000
  16530.000
   5070.000
     60.000
  18768.000
   3069.000
   1000.000
   1452.000
  14991.000
   2187.000
  13185.000
   1223.000
   2042.000
   7732.000
   2068.000
   7037.000
   1091.000
   7342.000
   4851.000
   4615.000
  21064.000
  18763.000
   5351.000
   4232.000
   5859.000
   6274.000
   1788.000
  16161.000
   7275.000
   6966.000
  15358.000
    514.000
   6070.000
  16447.000
  20092.000
   1182.000
  18167.000
    661.000
   5495.000
  16017.000
  12135.000
   9957.000
  10809.000
   3157.000
  11076.000
  19599.000
   2959.000
  19661.000
   7306.000
  18455.000
   3560.000
    392.000
   1341.000
  19149.000
   1528.000
   3586.000
   2657.000
  17228.000
  11815.000
   6337.000
  18492.000
   8684.000
   5977.000
  10795.000
   6706.000
   8383.000
   2154.000
   3726.000
   6591.000
  20937.000
  21380.000
   5954.000
  18325.000
   4539.000
   9822.000
  19396.000
  16223.000
  15494.000
    273.000
  13149.000
  12095.000
   7584.000
  18663.000
  16058.000
  15755.000
   3740.000
  15849.000
  10613.000
  18881.000
  11727.000
    243.000
   7682.000
  12185.000
   1476.000
   6656.000
  18242.000
   3027.000
  13794.000
   3287.000
   4155.000
  10238.000
  17326.000
   1416.000
   7579.000
  10186.000
   5992.000
  12047.000
   4529.000
   5044.000
     65.000
   3924.000
   1181.000
   8191.000
  20239.000
   7086.000
  20898.000
  16531.000
  14453.000
  19127.000
   3231.000
  16532.000
   3941.000
   6477.000
   9541.000
  18963.000
   5444.000
   9034.000
   5913.000
  18577.000
   2114.000
  18416.000
  14320.000
  21112.000
  16830.000
   7104.000
  11221.000
   6584.000
   9196.000
  10890.000
   3552.000
    336.000
  19708.000
    482.000
   8853.000
   3681.000
  19672.000
   3747.000
   8045.000
  18732.000
    665.000
   3469.000
   3790.000
   6554.000
  13378.000
  11550.000
  19178.000
  20897.000
   4453.000
  19755.000
   5827.000
   6161.000
  13593.000
   3814.000
  20638.000
   9890.000
  16393.000
   9633.000
  19031.000
  17490.000
   2475.000
  11303.000
  18415.000
  18592.000
   6370.000
  18504.000
   2392.000
    307.000
   3285.000
   9646.000
   7119.000
  18431.000
   2305.000
  19160.000
  18498.000
   8815.000
   2801.000
   1100.000
   6045.000
   7349.000
   8523.000
   7427.000
   7832.000
  19560.000
  17581.000
  15919.000
   5032.000
  20642.000
    118.000
   1976.000
  20450.000
  18585.000
    215.000
   1668.000
  18130.000
  19397.000
   4671.000
   2593.000
   8538.000
  16825.000
  12220.000
  19259.000
  15519.000
  16828.000
  19574.000
  12771.000
   4496.000
   4499.000
  13641.000
  19422.000
  20967.000
   7743.000
   1358.000
  19576.000
  13572.000
    147.000
  20230.000
  18723.000
   5600.000
   1401.000
   1494.000
  20112.000
   1671.000
   3213.000
   2309.000
   7867.000
  18947.000
  11680.000
   9022.000
  20338.000
  14398.000
   4497.000
   3917.000
  13805.000
  14421.000
  15199.000
  13893.000
  17093.000
   1959.000
   3030.000
  18245.000
  12912.000
   9608.000
    114.000
   7519.000
   4240.000
  12012.000
  12065.000
   3443.000
  21136.000
   9372.000
  15668.000
  10782.000
   3544.000
  13004.000
  19900.000
  19233.000
     99.000
   2738.000
   7463.000
   4773.000
   9521.000
  19682.000
   1571.000
  17930.000
  11866.000
  16906.000
   1550.000
  19028.000
  19380.000
  12029.000
   2481.000
  19746.000
   2247.000
   6565.000
  13554.000
  11480.000
  18186.000
  14334.000
   8926.000
  17601.000
   1594.000
   4870.000
  17800.000
  12773.000
   9710.000
  13060.000
  17864.000
   4422.000
   3543.000
  20644.000
   5616.000
  19525.000
  20746.000
  12780.000
  18147.000
   1231.000
   1645.000
   9956.000
   6785.000
   5831.000
  18249.000
   2806.000
  14154.000
   5311.000
   8332.000
  15048.000
   7117.000
   2923.000
   8036.000
   7283.000
  14781.000
  11218.000
  12315.000
   1155.000
  21403.000
  20368.000
   2788.000
  16327.000
  21560.000
   9605.000
  14312.000
   1335.000
  20798.000
  17726.000
   8155.000
  18838.000
   2817.000
   6830.000
  13563.000
   3294.000
  10703.000
   2935.000
   1465.000
  18813.000
   4061.000
  19863.000
   8230.000
  10057.000
   9455.000
  10808.000
  20103.000
   8795.000
   7421.000
  14791.000
   2744.000
  15662.000
  12092.000
  16046.000
   8642.000
   3793.000
  12237.000
  15707.000
    896.000
   4074.000
    662.000
   3409.000
  16754.000
  18822.000
  13744.000
  17464.000
  10444.000
    455.000
  18637.000
  16232.000
  18228.000
   3246.000
  18257.000
   6387.000
  21270.000
  12000.000
   3731.000
   5846.000
  17336.000
   6259.000
   1868.000
    712.000
  18979.000
   4641.000
  10928.000
  11121.000
   8709.000
   2024.000
   3323.000
  14402.000
  21377.000
    960.000
   4934.000
   4980.000
  20109.000
   6261.000
  19954.000
  12475.000
  18016.000
  20142.000
  15169.000
   6813.000
  19103.000
  13833.000
   3850.000
   4049.000
  10415.000
  18316.000
  11785.000
  18050.000
  17437.000
   6974.000
  21429.000
  15291.000
  17505.000
  10428.000
   5075.000
  13414.000
  10484.000
  18306.000
   9701.000
  19360.000
    718.000
  14895.000
  15445.000
   5730.000
   6800.000
   1148.000
   1764.000
  21441.000
  16935.000
   3590.000
   3778.000
   3986.000
  21275.000
   3418.000
  17065.000
    100.000
  12253.000
  20750.000
   9282.000
   7177.000
   2341.000
  16160.000
   1768.000
   4149.000
  11030.000
   6220.000
   3807.000
  18555.000
   4885.000
  14375.000
  12709.000
   1125.000
  15684.000
  11839.000
   1033.000
   5703.000
   3275.000
   3468.000
  13832.000
   9985.000
   9745.000
   8817.000
  19323.000
  18026.000
  19833.000
  14394.000
   3927.000
  17238.000
   8738.000
   9777.000
    849.000
  20874.000
   3106.000
  12743.000
  11167.000
  13448.000
  20659.000
   7543.000
