0.000 237.000 1.000
0.000 300.000 0.000
3.000 142.000 1.000
3.000 170.000 2.000
3.000 181.000 3.000
3.000 192.000 4.000
3.000 241.000 5.000
3.000 300.000 0.000
5.000 100.000 13.000
5.000 146.000 14.000
5.000 157.000 16.000
5.000 168.000 42.000
5.000 179.000 65.000
5.000 190.000 75.000
5.000 201.000 82.000
5.000 241.000 89.000
5.000 298.000 13.000
5.000 300.000 0.000
6.000 170.000 1.000
6.000 300.000 0.000
7.000 142.000 1.000
7.000 169.000 2.000
7.000 180.000 4.000
7.000 300.000 0.000
8.000 142.000 1.000
8.000 177.000 3.000
8.000 188.000 5.000
8.000 300.000 0.000
9.000 100.000 1.000
9.000 169.000 2.000
9.000 183.000 3.000
9.000 201.000 4.000
9.000 241.000 6.000
9.000 300.000 0.000
11.000 177.000 1.000
11.000 188.000 7.000
11.000 241.000 8.000
11.000 252.000 12.000
11.000 300.000 0.000
12.000 118.000 1.000
12.000 167.000 2.000
12.000 178.000 4.000
12.000 242.000 5.000
12.000 300.000 0.000
13.000 100.000 1.000
13.000 141.000 2.000
13.000 167.000 4.000
13.000 178.000 26.000
13.000 190.000 27.000
13.000 201.000 31.000
13.000 218.000 38.000
13.000 237.000 51.000
13.000 281.000 65.000
13.000 300.000 0.000
14.000 170.000 1.000
14.000 181.000 2.000
14.000 192.000 4.000
14.000 300.000 0.000
15.000 141.000 1.000
15.000 170.000 2.000
15.000 181.000 5.000
15.000 300.000 0.000
17.000 159.000 1.000
17.000 170.000 2.000
17.000 182.000 3.000
17.000 193.000 6.000
17.000 300.000 0.000
18.000 177.000 1.000
18.000 188.000 4.000
18.000 300.000 0.000
19.000 178.000 3.000
19.000 189.000 7.000
19.000 200.000 9.000
19.000 217.000 15.000
19.000 242.000 25.000
19.000 280.000 27.000
19.000 291.000 29.000
19.000 300.000 0.000
20.000 141.000 1.000
20.000 160.000 2.000
20.000 171.000 3.000
20.000 182.000 4.000
20.000 193.000 5.000
20.000 241.000 8.000
20.000 280.000 10.000
20.000 291.000 15.000
20.000 300.000 0.000
21.000 242.000 1.000
21.000 300.000 0.000
22.000 177.000 -88.000
22.000 188.000 -30.000
22.000 199.000 -25.000
22.000 210.000 -14.000
22.000 225.000 -10.000
22.000 236.000 -6.000
22.000 247.000 7.000
22.000 258.000 8.000
22.000 269.000 10.000
22.000 280.000 22.000
22.000 300.000 0.000
23.000 218.000 1.000
23.000 300.000 0.000
24.000 100.000 4.000
24.000 142.000 5.000
24.000 159.000 6.000
24.000 170.000 19.000
24.000 181.000 34.000
24.000 192.000 48.000
24.000 203.000 53.000
24.000 300.000 0.000
25.000 100.000 1.000
25.000 177.000 4.000
25.000 201.000 5.000
25.000 218.000 6.000
25.000 241.000 9.000
25.000 278.000 11.000
25.000 300.000 0.000
26.000 142.000 1.000
26.000 169.000 2.000
26.000 300.000 0.000
27.000 100.000 1.000
27.000 177.000 3.000
27.000 188.000 4.000
27.000 201.000 5.000
27.000 300.000 0.000
28.000 100.000 2.000
28.000 167.000 4.000
28.000 178.000 17.000
28.000 189.000 44.000
28.000 200.000 60.000
28.000 218.000 86.000
28.000 274.000 10.000
28.000 285.000 44.000
28.000 300.000 0.000
29.000 148.000 1.000
29.000 170.000 2.000
29.000 181.000 3.000
29.000 300.000 0.000
30.000 169.000 1.000
30.000 180.000 4.000
30.000 196.000 5.000
30.000 217.000 6.000
30.000 237.000 8.000
30.000 300.000 0.000
31.000 169.000 1.000
31.000 180.000 2.000
31.000 191.000 4.000
31.000 202.000 6.000
31.000 300.000 0.000
32.000 100.000 6.000
32.000 300.000 0.000
33.000 142.000 1.000
33.000 177.000 2.000
33.000 218.000 3.000
33.000 238.000 4.000
33.000 249.000 5.000
33.000 300.000 0.000
34.000 170.000 1.000
34.000 181.000 5.000
34.000 194.000 6.000
34.000 300.000 0.000
35.000 167.000 1.000
35.000 289.000 2.000
35.000 300.000 0.000
36.000 171.000 1.000
36.000 182.000 2.000
36.000 193.000 3.000
36.000 300.000 0.000
37.000 171.000 1.000
37.000 300.000 0.000
38.000 100.000 3.000
38.000 177.000 17.000
38.000 188.000 71.000
38.000 199.000 85.000
38.000 218.000 92.000
38.000 300.000 0.000
39.000 178.000 1.000
39.000 189.000 2.000
39.000 200.000 3.000
39.000 217.000 7.000
39.000 228.000 8.000
39.000 242.000 11.000
39.000 283.000 13.000
39.000 300.000 0.000
40.000 177.000 2.000
40.000 242.000 3.000
40.000 300.000 0.000
41.000 142.000 1.000
41.000 170.000 2.000
41.000 283.000 3.000
41.000 300.000 0.000
42.000 169.000 1.000
42.000 180.000 2.000
42.000 300.000 0.000
43.000 100.000 6.000
43.000 169.000 7.000
43.000 180.000 53.000
43.000 218.000 65.000
43.000 300.000 0.000
44.000 118.000 1.000
44.000 170.000 3.000
44.000 241.000 4.000
44.000 300.000 0.000
45.000 100.000 18.000
45.000 300.000 0.000
46.000 159.000 1.000
46.000 170.000 2.000
46.000 300.000 0.000
47.000 100.000 1.000
47.000 141.000 2.000
47.000 169.000 3.000
47.000 180.000 11.000
47.000 194.000 12.000
47.000 300.000 0.000
48.000 100.000 4.000
48.000 148.000 6.000
48.000 159.000 9.000
48.000 170.000 26.000
48.000 300.000 0.000
49.000 100.000 2.000
49.000 166.000 3.000
49.000 177.000 34.000
49.000 188.000 37.000
49.000 199.000 55.000
49.000 210.000 56.000
49.000 242.000 89.000
49.000 253.000 115.000
49.000 300.000 0.000
50.000 167.000 1.000
50.000 178.000 4.000
50.000 239.000 5.000
50.000 250.000 8.000
50.000 261.000 9.000
50.000 272.000 10.000
50.000 283.000 35.000
50.000 300.000 0.000
52.000 191.000 1.000
52.000 300.000 0.000
53.000 168.000 1.000
53.000 179.000 2.000
53.000 191.000 3.000
53.000 202.000 4.000
53.000 300.000 0.000
54.000 147.000 1.000
54.000 170.000 2.000
54.000 181.000 6.000
54.000 241.000 8.000
54.000 252.000 12.000
54.000 300.000 0.000
55.000 148.000 1.000
55.000 170.000 2.000
55.000 181.000 4.000
55.000 300.000 0.000
56.000 177.000 2.000
56.000 188.000 5.000
56.000 217.000 6.000
56.000 242.000 8.000
56.000 300.000 0.000
57.000 289.000 1.000
57.000 300.000 0.000
58.000 100.000 1.000
58.000 142.000 2.000
58.000 159.000 3.000
58.000 170.000 8.000
58.000 181.000 10.000
58.000 300.000 0.000
59.000 100.000 1.000
59.000 167.000 2.000
59.000 178.000 8.000
59.000 300.000 0.000
61.000 230.000 1.000
61.000 241.000 2.000
61.000 252.000 4.000
61.000 263.000 5.000
61.000 274.000 7.000
61.000 285.000 30.000
61.000 300.000 0.000
62.000 142.000 1.000
62.000 169.000 2.000
62.000 180.000 4.000
62.000 300.000 0.000
63.000 100.000 26.000
63.000 300.000 0.000
64.000 100.000 1.000
64.000 169.000 2.000
64.000 181.000 3.000
64.000 218.000 4.000
64.000 300.000 0.000
65.000 100.000 2.000
65.000 177.000 10.000
65.000 188.000 14.000
65.000 199.000 21.000
65.000 300.000 0.000
66.000 177.000 1.000
66.000 242.000 2.000
66.000 300.000 0.000
67.000 169.000 1.000
67.000 180.000 5.000
67.000 242.000 7.000
67.000 300.000 0.000
68.000 183.000 1.000
68.000 300.000 0.000
71.000 201.000 1.000
71.000 300.000 0.000
72.000 100.000 2.000
72.000 178.000 3.000
72.000 190.000 4.000
72.000 217.000 6.000
72.000 228.000 12.000
72.000 241.000 18.000
72.000 300.000 0.000
73.000 177.000 1.000
73.000 218.000 2.000
73.000 300.000 0.000
75.000 100.000 2.000
75.000 141.000 3.000
75.000 152.000 6.000
75.000 177.000 19.000
75.000 190.000 20.000
75.000 201.000 28.000
75.000 242.000 35.000
75.000 300.000 0.000
76.000 100.000 3.000
76.000 119.000 4.000
76.000 142.000 7.000
76.000 159.000 8.000
76.000 170.000 23.000
76.000 181.000 52.000
76.000 192.000 53.000
76.000 217.000 123.000
76.000 228.000 167.000
76.000 248.000 169.000
76.000 299.000 63.000
76.000 300.000 0.000
77.000 170.000 1.000
77.000 242.000 2.000
77.000 300.000 0.000
78.000 169.000 1.000
78.000 180.000 2.000
78.000 196.000 3.000
78.000 300.000 0.000
79.000 142.000 1.000
79.000 177.000 8.000
79.000 300.000 0.000
80.000 242.000 1.000
80.000 300.000 0.000
81.000 179.000 1.000
81.000 300.000 0.000
82.000 178.000 1.000
82.000 194.000 2.000
82.000 300.000 0.000
83.000 148.000 1.000
83.000 177.000 4.000
83.000 188.000 5.000
83.000 242.000 6.000
83.000 281.000 8.000
83.000 300.000 0.000
84.000 177.000 1.000
84.000 188.000 2.000
84.000 201.000 3.000
84.000 237.000 4.000
84.000 300.000 0.000
85.000 100.000 2.000
85.000 142.000 3.000
85.000 153.000 4.000
85.000 177.000 8.000
85.000 194.000 9.000
85.000 241.000 16.000
85.000 252.000 18.000
85.000 300.000 0.000
86.000 169.000 1.000
86.000 180.000 6.000
86.000 191.000 7.000
86.000 202.000 8.000
86.000 242.000 19.000
86.000 253.000 23.000
86.000 300.000 0.000
87.000 177.000 1.000
87.000 188.000 2.000
87.000 201.000 3.000
87.000 300.000 0.000
89.000 100.000 1.000
89.000 146.000 2.000
89.000 159.000 3.000
89.000 170.000 10.000
89.000 181.000 18.000
89.000 192.000 26.000
89.000 300.000 0.000
90.000 100.000 39.000
90.000 300.000 0.000
91.000 100.000 1.000
91.000 167.000 2.000
91.000 178.000 5.000
91.000 300.000 0.000
92.000 100.000 52.000
92.000 300.000 0.000
93.000 170.000 1.000
93.000 181.000 2.000
93.000 242.000 3.000
93.000 300.000 0.000
94.000 177.000 1.000
94.000 242.000 2.000
94.000 300.000 0.000
95.000 100.000 1.000
95.000 177.000 6.000
95.000 188.000 22.000
95.000 199.000 36.000
95.000 300.000 0.000
96.000 170.000 1.000
96.000 181.000 4.000
96.000 194.000 5.000
96.000 241.000 6.000
96.000 300.000 0.000
98.000 142.000 1.000
98.000 177.000 2.000
98.000 188.000 10.000
98.000 199.000 11.000
98.000 237.000 16.000
98.000 248.000 20.000
98.000 279.000 23.000
98.000 300.000 0.000
99.000 241.000 1.000
99.000 252.000 2.000
99.000 281.000 3.000
99.000 300.000 0.000
100.000 177.000 1.000
100.000 300.000 0.000
101.000 100.000 1.000
101.000 242.000 2.000
101.000 300.000 0.000
102.000 100.000 1.000
102.000 171.000 2.000
102.000 182.000 4.000
102.000 193.000 6.000
102.000 204.000 9.000
102.000 217.000 13.000
102.000 300.000 0.000
103.000 151.000 1.000
103.000 170.000 2.000
103.000 181.000 3.000
103.000 192.000 4.000
103.000 203.000 7.000
103.000 300.000 0.000
104.000 177.000 2.000
104.000 188.000 4.000
104.000 300.000 0.000
105.000 118.000 1.000
105.000 177.000 3.000
105.000 300.000 0.000
106.000 124.000 1.000
106.000 237.000 3.000
106.000 248.000 8.000
106.000 269.000 9.000
106.000 300.000 0.000
107.000 170.000 1.000
107.000 181.000 4.000
107.000 192.000 7.000
107.000 203.000 8.000
107.000 217.000 11.000
107.000 237.000 13.000
107.000 300.000 0.000
109.000 100.000 1.000
109.000 157.000 2.000
109.000 177.000 4.000
109.000 188.000 17.000
109.000 300.000 0.000
111.000 141.000 1.000
111.000 167.000 2.000
111.000 178.000 7.000
111.000 189.000 8.000
111.000 201.000 12.000
111.000 218.000 13.000
111.000 300.000 0.000
112.000 100.000 6.000
112.000 167.000 9.000
112.000 178.000 32.000
112.000 191.000 35.000
112.000 202.000 43.000
112.000 242.000 44.000
112.000 300.000 0.000
114.000 100.000 2.000
114.000 148.000 3.000
114.000 167.000 4.000
114.000 178.000 14.000
114.000 300.000 0.000
115.000 142.000 1.000
115.000 177.000 3.000
115.000 188.000 5.000
115.000 201.000 6.000
115.000 281.000 8.000
115.000 300.000 0.000
116.000 100.000 2.000
116.000 142.000 3.000
116.000 167.000 4.000
116.000 178.000 39.000
116.000 300.000 0.000
118.000 167.000 1.000
118.000 178.000 6.000
118.000 300.000 0.000
119.000 148.000 1.000
119.000 170.000 2.000
119.000 181.000 8.000
119.000 217.000 9.000
119.000 300.000 0.000
121.000 100.000 36.000
121.000 300.000 0.000
122.000 177.000 1.000
122.000 300.000 0.000
123.000 100.000 1.000
123.000 142.000 2.000
123.000 153.000 3.000
123.000 169.000 7.000
123.000 241.000 8.000
123.000 300.000 0.000
124.000 178.000 1.000
124.000 242.000 2.000
124.000 300.000 0.000
125.000 100.000 1.000
125.000 142.000 2.000
125.000 158.000 3.000
125.000 169.000 6.000
125.000 180.000 50.000
125.000 300.000 0.000
126.000 100.000 2.000
126.000 177.000 6.000
126.000 241.000 7.000
126.000 252.000 8.000
126.000 300.000 0.000
128.000 169.000 1.000
128.000 180.000 10.000
128.000 300.000 0.000
129.000 178.000 1.000
129.000 189.000 2.000
129.000 217.000 3.000
129.000 242.000 4.000
129.000 300.000 0.000
130.000 159.000 1.000
130.000 300.000 0.000
131.000 100.000 1.000
131.000 177.000 8.000
131.000 188.000 11.000
131.000 300.000 0.000
133.000 201.000 1.000
133.000 300.000 0.000
134.000 141.000 1.000
134.000 152.000 6.000
134.000 163.000 7.000
134.000 300.000 0.000
135.000 177.000 2.000
135.000 188.000 7.000
135.000 199.000 9.000
135.000 241.000 10.000
135.000 252.000 25.000
135.000 300.000 0.000
136.000 170.000 1.000
136.000 181.000 2.000
136.000 241.000 3.000
136.000 252.000 4.000
136.000 281.000 5.000
136.000 300.000 0.000
137.000 100.000 7.000
137.000 119.000 8.000
137.000 141.000 9.000
137.000 152.000 14.000
137.000 300.000 0.000
138.000 100.000 1.000
138.000 170.000 2.000
138.000 181.000 4.000
138.000 192.000 7.000
138.000 203.000 8.000
138.000 217.000 13.000
138.000 300.000 0.000
139.000 100.000 8.000
139.000 169.000 11.000
139.000 180.000 56.000
139.000 191.000 93.000
139.000 242.000 131.000
139.000 300.000 0.000
140.000 170.000 1.000
140.000 181.000 3.000
140.000 192.000 5.000
140.000 203.000 6.000
140.000 217.000 8.000
140.000 300.000 0.000
142.000 179.000 1.000
142.000 300.000 0.000
143.000 100.000 1.000
143.000 171.000 2.000
143.000 300.000 0.000
144.000 190.000 1.000
144.000 300.000 0.000
145.000 167.000 1.000
145.000 178.000 4.000
145.000 242.000 5.000
145.000 300.000 0.000
146.000 142.000 1.000
146.000 241.000 2.000
146.000 252.000 3.000
146.000 281.000 5.000
146.000 300.000 0.000
147.000 177.000 1.000
147.000 196.000 2.000
147.000 237.000 3.000
147.000 300.000 0.000
148.000 177.000 1.000
148.000 188.000 3.000
148.000 217.000 4.000
148.000 228.000 5.000
148.000 239.000 15.000
148.000 300.000 0.000
149.000 100.000 1.000
149.000 148.000 2.000
149.000 170.000 3.000
149.000 181.000 16.000
149.000 192.000 17.000
149.000 242.000 19.000
149.000 281.000 21.000
149.000 300.000 0.000
150.000 158.000 1.000
150.000 170.000 2.000
150.000 300.000 0.000
151.000 170.000 1.000
151.000 181.000 2.000
151.000 192.000 3.000
151.000 203.000 4.000
151.000 217.000 9.000
151.000 300.000 0.000
152.000 241.000 1.000
152.000 300.000 0.000
153.000 194.000 1.000
153.000 300.000 0.000
154.000 100.000 1.000
154.000 142.000 2.000
154.000 153.000 3.000
154.000 164.000 5.000
154.000 175.000 10.000
154.000 186.000 12.000
154.000 197.000 18.000
154.000 218.000 22.000
154.000 229.000 23.000
154.000 300.000 0.000
155.000 100.000 1.000
155.000 159.000 2.000
155.000 170.000 4.000
155.000 181.000 10.000
155.000 196.000 11.000
155.000 218.000 12.000
155.000 300.000 0.000
156.000 100.000 1.000
156.000 177.000 2.000
156.000 188.000 3.000
156.000 217.000 4.000
156.000 241.000 6.000
156.000 300.000 0.000
157.000 100.000 1.000
157.000 141.000 2.000
157.000 152.000 3.000
157.000 169.000 4.000
157.000 180.000 14.000
157.000 300.000 0.000
158.000 142.000 1.000
158.000 169.000 2.000
158.000 181.000 3.000
158.000 192.000 4.000
158.000 203.000 5.000
158.000 218.000 7.000
158.000 300.000 0.000
159.000 159.000 1.000
159.000 170.000 2.000
159.000 181.000 9.000
159.000 192.000 12.000
159.000 203.000 15.000
159.000 218.000 16.000
159.000 241.000 19.000
159.000 281.000 22.000
159.000 300.000 0.000
160.000 141.000 1.000
160.000 167.000 2.000
160.000 178.000 6.000
160.000 280.000 7.000
160.000 300.000 0.000
161.000 100.000 1.000
161.000 168.000 2.000
161.000 179.000 9.000
161.000 191.000 10.000
161.000 202.000 12.000
161.000 241.000 16.000
161.000 252.000 21.000
161.000 300.000 0.000
162.000 170.000 1.000
162.000 181.000 4.000
162.000 242.000 6.000
162.000 300.000 0.000
163.000 100.000 3.000
163.000 141.000 4.000
163.000 152.000 7.000
163.000 163.000 8.000
163.000 174.000 28.000
163.000 242.000 40.000
163.000 300.000 0.000
164.000 100.000 1.000
164.000 167.000 2.000
164.000 178.000 9.000
164.000 189.000 10.000
164.000 200.000 14.000
164.000 217.000 17.000
164.000 228.000 29.000
164.000 242.000 47.000
164.000 300.000 0.000
165.000 177.000 1.000
165.000 218.000 2.000
165.000 237.000 3.000
165.000 248.000 5.000
165.000 263.000 6.000
165.000 274.000 7.000
165.000 285.000 31.000
165.000 300.000 0.000
166.000 100.000 1.000
166.000 167.000 2.000
166.000 178.000 13.000
166.000 218.000 14.000
166.000 242.000 16.000
166.000 253.000 17.000
166.000 281.000 23.000
166.000 292.000 38.000
166.000 300.000 0.000
167.000 169.000 1.000
167.000 300.000 0.000
168.000 194.000 1.000
168.000 218.000 2.000
168.000 237.000 6.000
168.000 248.000 8.000
168.000 277.000 12.000
168.000 288.000 22.000
168.000 300.000 0.000
169.000 100.000 2.000
169.000 169.000 3.000
169.000 180.000 8.000
169.000 191.000 10.000
169.000 279.000 12.000
169.000 290.000 13.000
169.000 300.000 0.000
170.000 100.000 1.000
170.000 148.000 2.000
170.000 167.000 3.000
170.000 178.000 12.000
170.000 300.000 0.000
171.000 170.000 1.000
171.000 181.000 2.000
171.000 192.000 3.000
171.000 218.000 5.000
171.000 242.000 6.000
171.000 300.000 0.000
172.000 100.000 1.000
172.000 167.000 2.000
172.000 178.000 3.000
172.000 300.000 0.000
173.000 142.000 1.000
173.000 177.000 4.000
173.000 194.000 5.000
173.000 300.000 0.000
174.000 100.000 1.000
174.000 142.000 2.000
174.000 169.000 4.000
174.000 180.000 6.000
174.000 289.000 8.000
174.000 300.000 0.000
175.000 100.000 1.000
175.000 148.000 2.000
175.000 167.000 3.000
175.000 178.000 15.000
175.000 194.000 16.000
175.000 300.000 0.000
176.000 177.000 2.000
176.000 218.000 3.000
176.000 238.000 4.000
176.000 249.000 5.000
176.000 283.000 6.000
176.000 300.000 0.000
177.000 168.000 1.000
177.000 179.000 4.000
177.000 196.000 5.000
177.000 239.000 6.000
177.000 250.000 7.000
177.000 277.000 10.000
177.000 288.000 14.000
177.000 300.000 0.000
178.000 100.000 2.000
178.000 177.000 9.000
178.000 188.000 18.000
178.000 199.000 22.000
178.000 300.000 0.000
179.000 266.000 1.000
179.000 281.000 2.000
179.000 300.000 0.000
180.000 146.000 1.000
180.000 170.000 2.000
180.000 185.000 3.000
180.000 242.000 4.000
180.000 300.000 0.000
181.000 172.000 1.000
181.000 300.000 0.000
182.000 100.000 2.000
182.000 169.000 3.000
182.000 180.000 6.000
182.000 191.000 7.000
182.000 218.000 8.000
182.000 300.000 0.000
183.000 100.000 1.000
183.000 167.000 2.000
183.000 178.000 9.000
183.000 189.000 11.000
183.000 200.000 21.000
183.000 300.000 0.000
184.000 177.000 1.000
184.000 300.000 0.000
186.000 242.000 3.000
186.000 300.000 0.000
187.000 170.000 1.000
187.000 181.000 2.000
187.000 300.000 0.000
189.000 141.000 1.000
189.000 177.000 4.000
189.000 194.000 5.000
189.000 205.000 6.000
189.000 217.000 9.000
189.000 228.000 12.000
189.000 241.000 15.000
189.000 252.000 22.000
189.000 300.000 0.000
190.000 148.000 1.000
190.000 170.000 2.000
190.000 183.000 3.000
190.000 300.000 0.000
