0.000 111.000 11.000
0.000 300.000 0.000
1.000 268.000 1.000
1.000 300.000 0.000
2.000 148.000 1.000
2.000 208.000 2.000
2.000 300.000 0.000
3.000 100.000 1.000
3.000 111.000 2.000
3.000 300.000 0.000
4.000 100.000 8.000
4.000 300.000 0.000
5.000 107.000 6.000
5.000 300.000 0.000
6.000 106.000 3.000
6.000 300.000 0.000
7.000 100.000 84.000
7.000 151.000 5.000
7.000 300.000 0.000
8.000 100.000 87.000
8.000 151.000 7.000
8.000 300.000 0.000
9.000 100.000 2.000
9.000 111.000 3.000
9.000 147.000 8.000
9.000 300.000 0.000
10.000 100.000 9.000
10.000 111.000 32.000
10.000 122.000 37.000
10.000 300.000 0.000
11.000 125.000 1.000
11.000 300.000 0.000
12.000 100.000 47.000
12.000 141.000 57.000
12.000 300.000 0.000
13.000 107.000 25.000
13.000 120.000 26.000
13.000 137.000 44.000
13.000 300.000 0.000
14.000 100.000 35.000
14.000 300.000 0.000
15.000 100.000 2.000
15.000 113.000 5.000
15.000 124.000 13.000
15.000 137.000 15.000
15.000 300.000 0.000
16.000 100.000 39.000
16.000 300.000 0.000
17.000 100.000 1.000
17.000 149.000 2.000
17.000 248.000 3.000
17.000 300.000 0.000
18.000 100.000 18.000
18.000 113.000 22.000
18.000 147.000 24.000
18.000 300.000 0.000
19.000 121.000 1.000
19.000 132.000 4.000
19.000 143.000 41.000
19.000 300.000 0.000
20.000 100.000 12.000
20.000 111.000 79.000
20.000 162.000 0.000
20.000 176.000 1.000
20.000 189.000 2.000
20.000 207.000 3.000
20.000 221.000 4.000
20.000 240.000 7.000
20.000 251.000 10.000
20.000 300.000 0.000
21.000 100.000 11.000
21.000 300.000 0.000
22.000 100.000 28.000
22.000 300.000 0.000
23.000 100.000 8.000
23.000 111.000 11.000
23.000 268.000 14.000
23.000 300.000 0.000
24.000 100.000 160.000
24.000 141.000 209.000
24.000 192.000 2.000
24.000 203.000 3.000
24.000 214.000 7.000
24.000 244.000 10.000
24.000 300.000 0.000
25.000 107.000 4.000
25.000 300.000 0.000
26.000 100.000 60.000
26.000 300.000 0.000
27.000 100.000 30.000
27.000 300.000 0.000
28.000 101.000 6.000
28.000 300.000 0.000
29.000 100.000 1.000
29.000 300.000 0.000
30.000 100.000 36.000
30.000 300.000 0.000
31.000 100.000 69.000
31.000 300.000 0.000
32.000 147.000 1.000
32.000 300.000 0.000
33.000 147.000 6.000
33.000 211.000 8.000
33.000 300.000 0.000
34.000 100.000 5.000
34.000 300.000 0.000
35.000 100.000 32.000
35.000 111.000 42.000
35.000 300.000 0.000
36.000 100.000 9.000
36.000 112.000 12.000
36.000 300.000 0.000
37.000 197.000 1.000
37.000 209.000 2.000
37.000 300.000 0.000
38.000 110.000 5.000
38.000 211.000 7.000
38.000 247.000 9.000
38.000 300.000 0.000
39.000 100.000 2.000
39.000 118.000 3.000
39.000 137.000 4.000
39.000 300.000 0.000
40.000 100.000 20.000
40.000 111.000 67.000
40.000 300.000 0.000
41.000 100.000 46.000
41.000 300.000 0.000
42.000 100.000 11.000
42.000 111.000 13.000
42.000 122.000 14.000
42.000 137.000 19.000
42.000 212.000 28.000
42.000 300.000 0.000
43.000 100.000 11.000
43.000 300.000 0.000
44.000 107.000 14.000
44.000 118.000 15.000
44.000 129.000 17.000
44.000 140.000 22.000
44.000 151.000 75.000
44.000 300.000 0.000
45.000 100.000 -218.000
45.000 111.000 -66.000
45.000 122.000 -42.000
45.000 133.000 -27.000
45.000 147.000 -9.000
45.000 158.000 -2.000
45.000 169.000 -0.000
45.000 208.000 1.000
45.000 219.000 2.000
45.000 300.000 0.000
46.000 106.000 1.000
46.000 149.000 2.000
46.000 300.000 0.000
47.000 100.000 32.000
47.000 300.000 0.000
48.000 100.000 27.000
48.000 300.000 0.000
49.000 107.000 -87.000
49.000 118.000 -23.000
49.000 129.000 -15.000
49.000 147.000 -7.000
49.000 158.000 1.000
49.000 300.000 0.000
50.000 100.000 3.000
50.000 111.000 51.000
50.000 122.000 56.000
50.000 143.000 61.000
50.000 300.000 0.000
51.000 100.000 1.000
51.000 111.000 2.000
51.000 300.000 0.000
52.000 100.000 11.000
52.000 111.000 24.000
52.000 122.000 69.000
52.000 300.000 0.000
53.000 100.000 65.000
53.000 300.000 0.000
54.000 100.000 62.000
54.000 111.000 72.000
54.000 122.000 99.000
54.000 137.000 129.000
54.000 188.000 3.000
54.000 207.000 6.000
54.000 218.000 8.000
54.000 244.000 10.000
54.000 300.000 0.000
55.000 100.000 3.000
55.000 117.000 4.000
55.000 128.000 6.000
55.000 141.000 7.000
55.000 209.000 8.000
55.000 300.000 0.000
56.000 100.000 6.000
56.000 113.000 9.000
56.000 147.000 12.000
56.000 300.000 0.000
57.000 137.000 1.000
57.000 300.000 0.000
59.000 100.000 83.000
59.000 157.000 5.000
59.000 249.000 6.000
59.000 300.000 0.000
60.000 112.000 6.000
60.000 147.000 14.000
60.000 212.000 18.000
60.000 300.000 0.000
61.000 111.000 1.000
61.000 140.000 2.000
61.000 300.000 0.000
62.000 100.000 42.000
62.000 300.000 0.000
63.000 100.000 34.000
63.000 300.000 0.000
64.000 108.000 2.000
64.000 119.000 5.000
64.000 300.000 0.000
65.000 100.000 8.000
65.000 118.000 10.000
65.000 137.000 13.000
65.000 149.000 14.000
65.000 249.000 20.000
65.000 300.000 0.000
66.000 100.000 11.000
66.000 111.000 64.000
66.000 300.000 0.000
67.000 100.000 6.000
67.000 111.000 82.000
67.000 162.000 -0.000
67.000 300.000 0.000
68.000 100.000 -98.000
68.000 111.000 -21.000
68.000 122.000 -9.000
68.000 134.000 -8.000
68.000 157.000 -7.000
68.000 168.000 -4.000
68.000 179.000 -3.000
68.000 191.000 -2.000
68.000 220.000 -1.000
68.000 246.000 0.000
68.000 271.000 1.000
68.000 300.000 0.000
69.000 100.000 3.000
69.000 111.000 10.000
69.000 141.000 12.000
69.000 300.000 0.000
71.000 100.000 2.000
71.000 300.000 0.000
72.000 100.000 8.000
72.000 140.000 10.000
72.000 300.000 0.000
73.000 100.000 75.000
73.000 300.000 0.000
74.000 111.000 3.000
74.000 149.000 12.000
74.000 300.000 0.000
75.000 100.000 110.000
75.000 151.000 3.000
75.000 300.000 0.000
76.000 100.000 16.000
76.000 111.000 18.000
76.000 300.000 0.000
77.000 107.000 35.000
77.000 300.000 0.000
78.000 100.000 3.000
78.000 147.000 5.000
78.000 300.000 0.000
79.000 212.000 1.000
79.000 300.000 0.000
80.000 109.000 1.000
80.000 120.000 3.000
80.000 141.000 4.000
80.000 300.000 0.000
81.000 100.000 1.000
81.000 111.000 2.000
81.000 300.000 0.000
82.000 100.000 31.000
82.000 111.000 57.000
82.000 300.000 0.000
83.000 100.000 23.000
83.000 147.000 32.000
83.000 300.000 0.000
84.000 101.000 3.000
84.000 112.000 5.000
84.000 123.000 10.000
84.000 137.000 12.000
84.000 212.000 13.000
84.000 224.000 14.000
84.000 246.000 18.000
84.000 300.000 0.000
85.000 100.000 33.000
85.000 300.000 0.000
86.000 100.000 -90.000
86.000 111.000 -18.000
86.000 122.000 -1.000
86.000 133.000 2.000
86.000 144.000 12.000
86.000 300.000 0.000
87.000 107.000 14.000
87.000 141.000 17.000
87.000 300.000 0.000
88.000 141.000 1.000
88.000 300.000 0.000
89.000 107.000 2.000
89.000 118.000 7.000
89.000 300.000 0.000
90.000 109.000 1.000
90.000 120.000 6.000
90.000 300.000 0.000
91.000 111.000 7.000
91.000 137.000 10.000
91.000 149.000 13.000
91.000 211.000 21.000
91.000 222.000 22.000
91.000 241.000 23.000
91.000 300.000 0.000
92.000 107.000 12.000
92.000 118.000 28.000
92.000 247.000 31.000
92.000 268.000 32.000
92.000 300.000 0.000
93.000 100.000 -101.000
93.000 111.000 13.000
93.000 140.000 14.000
93.000 300.000 0.000
94.000 100.000 36.000
94.000 300.000 0.000
95.000 101.000 1.000
95.000 112.000 10.000
95.000 123.000 12.000
95.000 134.000 14.000
95.000 145.000 21.000
95.000 300.000 0.000
96.000 100.000 94.000
96.000 156.000 14.000
96.000 300.000 0.000
97.000 157.000 1.000
97.000 300.000 0.000
98.000 100.000 28.000
98.000 141.000 31.000
98.000 300.000 0.000
99.000 100.000 2.000
99.000 300.000 0.000
100.000 111.000 1.000
100.000 140.000 2.000
100.000 151.000 7.000
100.000 300.000 0.000
101.000 100.000 8.000
101.000 300.000 0.000
102.000 100.000 4.000
102.000 111.000 6.000
102.000 137.000 9.000
102.000 300.000 0.000
103.000 113.000 2.000
103.000 300.000 0.000
104.000 113.000 1.000
104.000 124.000 7.000
104.000 140.000 8.000
104.000 213.000 10.000
104.000 268.000 12.000
104.000 300.000 0.000
105.000 108.000 8.000
105.000 119.000 14.000
105.000 300.000 0.000
106.000 100.000 23.000
106.000 111.000 36.000
106.000 300.000 0.000
107.000 107.000 1.000
107.000 118.000 3.000
107.000 140.000 4.000
107.000 300.000 0.000
108.000 100.000 -204.000
108.000 111.000 -20.000
108.000 122.000 -4.000
108.000 133.000 2.000
108.000 300.000 0.000
109.000 111.000 1.000
109.000 122.000 3.000
109.000 141.000 5.000
109.000 300.000 0.000
110.000 100.000 4.000
110.000 137.000 7.000
110.000 149.000 11.000
110.000 300.000 0.000
111.000 106.000 14.000
111.000 117.000 28.000
111.000 213.000 32.000
111.000 247.000 39.000
111.000 300.000 0.000
112.000 107.000 3.000
112.000 118.000 23.000
112.000 143.000 25.000
112.000 300.000 0.000
113.000 115.000 1.000
113.000 251.000 2.000
113.000 262.000 3.000
113.000 273.000 5.000
113.000 300.000 0.000
114.000 100.000 242.000
114.000 151.000 -8.000
114.000 162.000 0.000
114.000 176.000 1.000
114.000 209.000 2.000
114.000 221.000 3.000
114.000 240.000 5.000
114.000 251.000 8.000
114.000 267.000 9.000
114.000 300.000 0.000
115.000 114.000 1.000
115.000 125.000 6.000
115.000 136.000 7.000
115.000 147.000 11.000
115.000 300.000 0.000
116.000 100.000 14.000
116.000 111.000 37.000
116.000 300.000 0.000
117.000 100.000 36.000
117.000 300.000 0.000
118.000 100.000 25.000
118.000 111.000 56.000
118.000 300.000 0.000
119.000 100.000 131.000
119.000 151.000 46.000
119.000 300.000 0.000
120.000 100.000 18.000
120.000 140.000 21.000
120.000 300.000 0.000
121.000 100.000 57.000
121.000 300.000 0.000
122.000 100.000 3.000
122.000 197.000 4.000
122.000 210.000 5.000
122.000 300.000 0.000
123.000 100.000 159.000
123.000 151.000 30.000
123.000 300.000 0.000
124.000 100.000 6.000
124.000 111.000 11.000
124.000 300.000 0.000
125.000 100.000 70.000
125.000 300.000 0.000
126.000 100.000 50.000
126.000 300.000 0.000
127.000 107.000 1.000
127.000 118.000 12.000
127.000 137.000 17.000
127.000 300.000 0.000
128.000 100.000 3.000
128.000 111.000 26.000
128.000 300.000 0.000
129.000 100.000 8.000
129.000 111.000 80.000
129.000 162.000 2.000
129.000 207.000 4.000
129.000 218.000 5.000
129.000 248.000 7.000
129.000 300.000 0.000
130.000 100.000 11.000
130.000 111.000 20.000
130.000 147.000 22.000
130.000 300.000 0.000
131.000 100.000 35.000
131.000 143.000 38.000
131.000 300.000 0.000
132.000 100.000 33.000
132.000 111.000 48.000
132.000 137.000 51.000
132.000 300.000 0.000
133.000 100.000 11.000
133.000 118.000 12.000
133.000 137.000 17.000
133.000 300.000 0.000
134.000 100.000 -201.000
134.000 111.000 -71.000
134.000 122.000 -24.000
134.000 133.000 -17.000
134.000 156.000 -15.000
134.000 167.000 -2.000
134.000 179.000 -1.000
134.000 218.000 -0.000
134.000 300.000 0.000
135.000 107.000 6.000
135.000 118.000 12.000
135.000 300.000 0.000
136.000 100.000 11.000
136.000 111.000 33.000
136.000 143.000 37.000
136.000 300.000 0.000
137.000 157.000 1.000
137.000 300.000 0.000
138.000 111.000 1.000
138.000 122.000 4.000
138.000 137.000 5.000
138.000 249.000 7.000
138.000 300.000 0.000
139.000 100.000 153.000
139.000 151.000 51.000
139.000 211.000 54.000
139.000 244.000 59.000
139.000 255.000 60.000
139.000 267.000 63.000
139.000 300.000 0.000
140.000 100.000 43.000
140.000 111.000 83.000
140.000 141.000 88.000
140.000 192.000 1.000
140.000 203.000 2.000
140.000 214.000 7.000
140.000 249.000 8.000
140.000 267.000 10.000
140.000 300.000 0.000
141.000 100.000 41.000
141.000 300.000 0.000
142.000 250.000 1.000
142.000 300.000 0.000
143.000 100.000 47.000
143.000 300.000 0.000
144.000 108.000 1.000
144.000 137.000 2.000
144.000 300.000 0.000
145.000 100.000 7.000
145.000 111.000 15.000
145.000 137.000 18.000
145.000 300.000 0.000
146.000 100.000 5.000
146.000 111.000 6.000
146.000 122.000 7.000
146.000 141.000 9.000
146.000 300.000 0.000
147.000 100.000 7.000
147.000 111.000 55.000
147.000 300.000 0.000
148.000 108.000 1.000
148.000 119.000 6.000
148.000 300.000 0.000
149.000 100.000 47.000
149.000 300.000 0.000
150.000 100.000 34.000
150.000 300.000 0.000
151.000 100.000 21.000
151.000 300.000 0.000
152.000 101.000 1.000
152.000 300.000 0.000
153.000 100.000 24.000
153.000 116.000 31.000
153.000 300.000 0.000
154.000 100.000 1.000
154.000 300.000 0.000
155.000 260.000 1.000
155.000 271.000 4.000
155.000 300.000 0.000
156.000 100.000 32.000
156.000 300.000 0.000
157.000 100.000 58.000
157.000 300.000 0.000
158.000 100.000 91.000
158.000 153.000 15.000
158.000 300.000 0.000
159.000 107.000 41.000
159.000 300.000 0.000
160.000 100.000 40.000
160.000 111.000 66.000
160.000 300.000 0.000
161.000 108.000 8.000
161.000 119.000 10.000
161.000 300.000 0.000
162.000 111.000 2.000
162.000 137.000 3.000
162.000 300.000 0.000
163.000 100.000 75.000
163.000 300.000 0.000
164.000 244.000 1.000
164.000 300.000 0.000
165.000 100.000 48.000
165.000 111.000 49.000
165.000 141.000 62.000
165.000 247.000 71.000
165.000 300.000 0.000
166.000 100.000 -108.000
166.000 111.000 -42.000
166.000 122.000 -14.000
166.000 133.000 -10.000
166.000 157.000 -7.000
166.000 168.000 -2.000
166.000 179.000 -1.000
166.000 193.000 -0.000
166.000 300.000 0.000
167.000 107.000 4.000
167.000 118.000 5.000
167.000 137.000 6.000
167.000 300.000 0.000
168.000 100.000 8.000
168.000 111.000 55.000
168.000 300.000 0.000
169.000 100.000 64.000
169.000 300.000 0.000
170.000 100.000 74.000
170.000 300.000 0.000
171.000 100.000 14.000
171.000 143.000 15.000
171.000 300.000 0.000
172.000 100.000 37.000
172.000 116.000 45.000
172.000 300.000 0.000
173.000 100.000 6.000
173.000 113.000 8.000
173.000 300.000 0.000
174.000 100.000 43.000
174.000 300.000 0.000
176.000 100.000 97.000
176.000 151.000 13.000
176.000 300.000 0.000
177.000 100.000 13.000
177.000 116.000 14.000
177.000 137.000 20.000
177.000 300.000 0.000
178.000 107.000 4.000
178.000 118.000 5.000
178.000 140.000 6.000
178.000 300.000 0.000
179.000 100.000 64.000
179.000 300.000 0.000
180.000 100.000 7.000
180.000 111.000 13.000
180.000 300.000 0.000
181.000 100.000 13.000
181.000 300.000 0.000
182.000 100.000 6.000
182.000 111.000 10.000
182.000 122.000 11.000
182.000 137.000 13.000
182.000 300.000 0.000
183.000 149.000 1.000
183.000 300.000 0.000
184.000 100.000 118.000
184.000 151.000 18.000
184.000 300.000 0.000
185.000 100.000 67.000
185.000 300.000 0.000
186.000 100.000 90.000
186.000 111.000 101.000
186.000 141.000 115.000
186.000 192.000 5.000
186.000 203.000 7.000
186.000 214.000 24.000
186.000 247.000 36.000
186.000 258.000 78.000
186.000 269.000 85.000
186.000 300.000 0.000
187.000 100.000 54.000
187.000 300.000 0.000
189.000 100.000 60.000
189.000 111.000 64.000
189.000 300.000 0.000
