0.000 139.000 1.000
0.000 150.000 2.000
0.000 217.000 5.000
0.000 228.000 10.000
0.000 300.000 0.000
1.000 117.000 1.000
1.000 159.000 2.000
1.000 177.000 4.000
1.000 300.000 0.000
2.000 141.000 1.000
2.000 169.000 3.000
2.000 300.000 0.000
3.000 168.000 1.000
3.000 179.000 2.000
3.000 300.000 0.000
4.000 177.000 1.000
4.000 300.000 0.000
5.000 100.000 5.000
5.000 141.000 8.000
5.000 152.000 12.000
5.000 167.000 17.000
5.000 178.000 27.000
5.000 217.000 33.000
5.000 228.000 37.000
5.000 300.000 0.000
6.000 100.000 1.000
6.000 168.000 2.000
6.000 182.000 3.000
6.000 241.000 4.000
6.000 300.000 0.000
7.000 141.000 1.000
7.000 217.000 2.000
7.000 300.000 0.000
8.000 141.000 1.000
8.000 158.000 2.000
8.000 177.000 5.000
8.000 219.000 6.000
8.000 300.000 0.000
9.000 177.000 1.000
9.000 300.000 0.000
11.000 148.000 1.000
11.000 241.000 2.000
11.000 252.000 3.000
11.000 300.000 0.000
12.000 100.000 3.000
12.000 177.000 4.000
12.000 217.000 5.000
12.000 300.000 0.000
13.000 100.000 1.000
13.000 167.000 2.000
13.000 241.000 3.000
13.000 252.000 4.000
13.000 300.000 0.000
15.000 219.000 1.000
15.000 300.000 0.000
16.000 175.000 1.000
16.000 300.000 0.000
17.000 177.000 2.000
17.000 300.000 0.000
18.000 170.000 1.000
18.000 300.000 0.000
19.000 100.000 6.000
19.000 142.000 8.000
19.000 153.000 9.000
19.000 164.000 10.000
19.000 175.000 18.000
19.000 186.000 37.000
19.000 217.000 52.000
19.000 228.000 77.000
19.000 300.000 0.000
20.000 100.000 1.000
20.000 178.000 2.000
20.000 218.000 3.000
20.000 300.000 0.000
21.000 183.000 1.000
21.000 300.000 0.000
22.000 100.000 4.000
22.000 141.000 6.000
22.000 152.000 9.000
22.000 163.000 11.000
22.000 174.000 27.000
22.000 300.000 0.000
23.000 119.000 1.000
23.000 177.000 2.000
23.000 196.000 3.000
23.000 218.000 6.000
23.000 300.000 0.000
24.000 146.000 1.000
24.000 178.000 2.000
24.000 242.000 4.000
24.000 300.000 0.000
25.000 100.000 1.000
25.000 167.000 3.000
25.000 218.000 4.000
25.000 300.000 0.000
26.000 247.000 1.000
26.000 288.000 2.000
26.000 300.000 0.000
27.000 100.000 1.000
27.000 119.000 2.000
27.000 142.000 3.000
27.000 177.000 7.000
27.000 218.000 8.000
27.000 300.000 0.000
28.000 100.000 1.000
28.000 167.000 2.000
28.000 179.000 3.000
28.000 190.000 5.000
28.000 201.000 9.000
28.000 218.000 11.000
28.000 242.000 13.000
28.000 283.000 15.000
28.000 300.000 0.000
30.000 100.000 1.000
30.000 148.000 2.000
30.000 218.000 5.000
30.000 300.000 0.000
31.000 100.000 8.000
31.000 177.000 11.000
31.000 300.000 0.000
32.000 185.000 1.000
32.000 237.000 2.000
32.000 248.000 6.000
32.000 300.000 0.000
33.000 169.000 1.000
33.000 300.000 0.000
34.000 142.000 1.000
34.000 177.000 6.000
34.000 188.000 7.000
34.000 300.000 0.000
35.000 148.000 1.000
35.000 177.000 3.000
35.000 242.000 6.000
35.000 300.000 0.000
36.000 142.000 1.000
36.000 177.000 2.000
36.000 196.000 3.000
36.000 218.000 4.000
36.000 300.000 0.000
37.000 100.000 2.000
37.000 142.000 3.000
37.000 168.000 4.000
37.000 179.000 5.000
37.000 190.000 9.000
37.000 201.000 11.000
37.000 300.000 0.000
38.000 142.000 1.000
38.000 181.000 2.000
38.000 242.000 3.000
38.000 300.000 0.000
39.000 100.000 5.000
39.000 119.000 7.000
39.000 141.000 9.000
39.000 152.000 13.000
39.000 165.000 14.000
39.000 176.000 23.000
39.000 218.000 39.000
39.000 242.000 40.000
39.000 300.000 0.000
40.000 100.000 2.000
40.000 141.000 4.000
40.000 152.000 5.000
40.000 177.000 8.000
40.000 218.000 16.000
40.000 300.000 0.000
41.000 141.000 1.000
41.000 169.000 2.000
41.000 300.000 0.000
42.000 100.000 3.000
42.000 142.000 5.000
42.000 153.000 6.000
42.000 167.000 11.000
42.000 191.000 12.000
42.000 217.000 17.000
42.000 300.000 0.000
43.000 100.000 3.000
43.000 142.000 4.000
43.000 169.000 5.000
43.000 219.000 6.000
43.000 241.000 14.000
43.000 300.000 0.000
44.000 100.000 1.000
44.000 169.000 2.000
44.000 300.000 0.000
45.000 100.000 2.000
45.000 148.000 3.000
45.000 169.000 4.000
45.000 180.000 11.000
45.000 300.000 0.000
46.000 218.000 1.000
46.000 277.000 2.000
46.000 300.000 0.000
47.000 142.000 1.000
47.000 177.000 3.000
47.000 300.000 0.000
48.000 100.000 1.000
48.000 141.000 2.000
48.000 167.000 3.000
48.000 178.000 5.000
48.000 300.000 0.000
49.000 100.000 3.000
49.000 170.000 4.000
49.000 191.000 5.000
49.000 217.000 10.000
49.000 242.000 16.000
49.000 300.000 0.000
50.000 100.000 3.000
50.000 146.000 4.000
50.000 169.000 5.000
50.000 181.000 6.000
50.000 192.000 8.000
50.000 242.000 9.000
50.000 289.000 10.000
50.000 300.000 0.000
51.000 100.000 1.000
51.000 177.000 2.000
51.000 191.000 3.000
51.000 218.000 4.000
51.000 280.000 5.000
51.000 300.000 0.000
52.000 100.000 1.000
52.000 148.000 2.000
52.000 177.000 3.000
52.000 218.000 4.000
52.000 300.000 0.000
53.000 100.000 2.000
53.000 167.000 3.000
53.000 178.000 11.000
53.000 300.000 0.000
54.000 100.000 1.000
54.000 142.000 2.000
54.000 177.000 8.000
54.000 218.000 10.000
54.000 300.000 0.000
55.000 253.000 1.000
55.000 300.000 0.000
56.000 100.000 1.000
56.000 169.000 2.000
56.000 180.000 4.000
56.000 300.000 0.000
57.000 100.000 3.000
57.000 167.000 7.000
57.000 300.000 0.000
58.000 169.000 1.000
58.000 241.000 2.000
58.000 252.000 3.000
58.000 300.000 0.000
59.000 100.000 4.000
59.000 177.000 13.000
59.000 218.000 14.000
59.000 300.000 0.000
61.000 100.000 2.000
61.000 177.000 6.000
61.000 201.000 7.000
61.000 218.000 9.000
61.000 300.000 0.000
62.000 100.000 6.000
62.000 177.000 19.000
62.000 191.000 20.000
62.000 218.000 30.000
62.000 300.000 0.000
65.000 178.000 1.000
65.000 300.000 0.000
66.000 169.000 1.000
66.000 300.000 0.000
67.000 100.000 1.000
67.000 142.000 2.000
67.000 177.000 4.000
67.000 218.000 5.000
67.000 300.000 0.000
68.000 100.000 1.000
68.000 169.000 2.000
68.000 180.000 4.000
68.000 191.000 5.000
68.000 202.000 7.000
68.000 300.000 0.000
69.000 142.000 1.000
69.000 169.000 2.000
69.000 191.000 3.000
69.000 218.000 6.000
69.000 300.000 0.000
70.000 177.000 1.000
70.000 300.000 0.000
71.000 100.000 2.000
71.000 177.000 5.000
71.000 217.000 7.000
71.000 300.000 0.000
72.000 100.000 2.000
72.000 177.000 6.000
72.000 218.000 8.000
72.000 300.000 0.000
73.000 100.000 1.000
73.000 142.000 2.000
73.000 169.000 4.000
73.000 180.000 6.000
73.000 191.000 7.000
73.000 218.000 8.000
73.000 241.000 10.000
73.000 289.000 11.000
73.000 300.000 0.000
74.000 146.000 1.000
74.000 177.000 2.000
74.000 218.000 3.000
74.000 237.000 5.000
74.000 281.000 6.000
74.000 300.000 0.000
75.000 100.000 1.000
75.000 118.000 2.000
75.000 142.000 3.000
75.000 153.000 5.000
75.000 177.000 12.000
75.000 188.000 15.000
75.000 217.000 16.000
75.000 228.000 18.000
75.000 242.000 20.000
75.000 300.000 0.000
76.000 100.000 6.000
76.000 168.000 7.000
76.000 179.000 14.000
76.000 300.000 0.000
77.000 241.000 3.000
77.000 252.000 6.000
77.000 300.000 0.000
78.000 100.000 2.000
78.000 142.000 3.000
78.000 159.000 4.000
78.000 177.000 6.000
78.000 217.000 11.000
78.000 228.000 13.000
78.000 300.000 0.000
79.000 100.000 3.000
79.000 142.000 4.000
79.000 167.000 5.000
79.000 178.000 9.000
79.000 189.000 10.000
79.000 201.000 12.000
79.000 218.000 14.000
79.000 300.000 0.000
80.000 241.000 1.000
80.000 300.000 0.000
81.000 100.000 1.000
81.000 177.000 3.000
81.000 300.000 0.000
82.000 177.000 2.000
82.000 188.000 3.000
82.000 218.000 4.000
82.000 242.000 5.000
82.000 281.000 6.000
82.000 300.000 0.000
83.000 177.000 1.000
83.000 202.000 2.000
83.000 300.000 0.000
84.000 100.000 1.000
84.000 176.000 2.000
84.000 300.000 0.000
85.000 159.000 1.000
85.000 218.000 2.000
85.000 300.000 0.000
86.000 100.000 5.000
86.000 141.000 6.000
86.000 152.000 11.000
86.000 177.000 24.000
86.000 300.000 0.000
87.000 237.000 1.000
87.000 300.000 0.000
88.000 100.000 1.000
88.000 177.000 5.000
88.000 300.000 0.000
89.000 146.000 1.000
89.000 177.000 2.000
89.000 188.000 3.000
89.000 218.000 6.000
89.000 300.000 0.000
90.000 181.000 1.000
90.000 300.000 0.000
91.000 100.000 1.000
91.000 142.000 2.000
91.000 167.000 3.000
91.000 178.000 8.000
91.000 218.000 12.000
91.000 300.000 0.000
92.000 100.000 1.000
92.000 148.000 2.000
92.000 167.000 4.000
92.000 178.000 29.000
92.000 300.000 0.000
93.000 100.000 1.000
93.000 148.000 2.000
93.000 170.000 3.000
93.000 181.000 12.000
93.000 246.000 13.000
93.000 300.000 0.000
94.000 177.000 1.000
94.000 300.000 0.000
95.000 100.000 1.000
95.000 177.000 2.000
95.000 188.000 3.000
95.000 201.000 4.000
95.000 289.000 5.000
95.000 300.000 0.000
96.000 100.000 3.000
96.000 141.000 4.000
96.000 152.000 6.000
96.000 169.000 9.000
96.000 180.000 15.000
96.000 242.000 19.000
96.000 300.000 0.000
97.000 100.000 1.000
97.000 170.000 2.000
97.000 181.000 4.000
97.000 217.000 8.000
97.000 228.000 10.000
97.000 300.000 0.000
98.000 100.000 3.000
98.000 148.000 4.000
98.000 177.000 6.000
98.000 188.000 12.000
98.000 217.000 14.000
98.000 228.000 16.000
98.000 239.000 24.000
98.000 250.000 30.000
98.000 300.000 0.000
99.000 241.000 1.000
99.000 300.000 0.000
100.000 100.000 2.000
100.000 177.000 4.000
100.000 191.000 5.000
100.000 202.000 7.000
100.000 217.000 11.000
100.000 228.000 15.000
100.000 242.000 16.000
100.000 300.000 0.000
101.000 100.000 1.000
101.000 167.000 2.000
101.000 178.000 6.000
101.000 300.000 0.000
102.000 100.000 1.000
102.000 142.000 2.000
102.000 168.000 3.000
102.000 179.000 8.000
102.000 242.000 10.000
102.000 300.000 0.000
103.000 100.000 2.000
103.000 117.000 3.000
103.000 128.000 4.000
103.000 142.000 5.000
103.000 177.000 6.000
103.000 242.000 8.000
103.000 300.000 0.000
104.000 142.000 1.000
104.000 177.000 2.000
104.000 300.000 0.000
105.000 100.000 23.000
105.000 141.000 24.000
105.000 152.000 35.000
105.000 163.000 36.000
105.000 174.000 71.000
105.000 185.000 82.000
105.000 196.000 83.000
105.000 217.000 127.000
105.000 242.000 133.000
105.000 293.000 16.000
105.000 300.000 0.000
106.000 100.000 3.000
106.000 142.000 4.000
106.000 167.000 5.000
106.000 178.000 15.000
106.000 218.000 18.000
106.000 300.000 0.000
107.000 170.000 1.000
107.000 283.000 2.000
107.000 300.000 0.000
108.000 218.000 1.000
108.000 300.000 0.000
109.000 100.000 3.000
109.000 177.000 4.000
109.000 188.000 6.000
109.000 199.000 7.000
109.000 217.000 16.000
109.000 300.000 0.000
110.000 177.000 1.000
110.000 300.000 0.000
111.000 100.000 2.000
111.000 141.000 3.000
111.000 152.000 4.000
111.000 168.000 5.000
111.000 179.000 12.000
111.000 242.000 15.000
111.000 300.000 0.000
112.000 148.000 1.000
112.000 178.000 2.000
112.000 300.000 0.000
113.000 169.000 1.000
113.000 300.000 0.000
114.000 119.000 1.000
114.000 177.000 2.000
114.000 188.000 3.000
114.000 218.000 7.000
114.000 242.000 12.000
114.000 300.000 0.000
115.000 100.000 1.000
115.000 142.000 2.000
115.000 169.000 3.000
115.000 180.000 4.000
115.000 194.000 5.000
115.000 217.000 6.000
115.000 300.000 0.000
116.000 177.000 1.000
116.000 300.000 0.000
117.000 100.000 3.000
117.000 177.000 10.000
117.000 188.000 17.000
117.000 199.000 18.000
117.000 300.000 0.000
118.000 100.000 3.000
118.000 148.000 4.000
118.000 169.000 6.000
118.000 180.000 23.000
118.000 218.000 27.000
118.000 300.000 0.000
119.000 100.000 2.000
119.000 167.000 3.000
119.000 178.000 27.000
119.000 218.000 53.000
119.000 300.000 0.000
120.000 100.000 1.000
120.000 142.000 2.000
120.000 177.000 8.000
120.000 300.000 0.000
121.000 100.000 1.000
121.000 141.000 2.000
121.000 152.000 3.000
121.000 167.000 5.000
121.000 178.000 42.000
121.000 300.000 0.000
122.000 177.000 1.000
122.000 199.000 2.000
122.000 300.000 0.000
123.000 100.000 2.000
123.000 218.000 4.000
123.000 300.000 0.000
125.000 142.000 1.000
125.000 169.000 2.000
125.000 180.000 4.000
125.000 218.000 5.000
125.000 300.000 0.000
128.000 100.000 1.000
128.000 119.000 2.000
128.000 146.000 3.000
128.000 170.000 4.000
128.000 181.000 6.000
128.000 218.000 9.000
128.000 300.000 0.000
129.000 100.000 4.000
129.000 176.000 5.000
129.000 187.000 8.000
129.000 198.000 9.000
129.000 300.000 0.000
130.000 178.000 1.000
130.000 201.000 2.000
130.000 218.000 3.000
130.000 300.000 0.000
131.000 177.000 1.000
131.000 218.000 2.000
131.000 300.000 0.000
132.000 177.000 1.000
132.000 300.000 0.000
134.000 100.000 12.000
134.000 142.000 16.000
134.000 153.000 20.000
134.000 177.000 26.000
134.000 300.000 0.000
135.000 100.000 2.000
135.000 118.000 3.000
135.000 141.000 4.000
135.000 159.000 5.000
135.000 177.000 23.000
135.000 188.000 26.000
135.000 199.000 28.000
135.000 217.000 51.000
135.000 228.000 84.000
135.000 279.000 2.000
135.000 290.000 5.000
135.000 300.000 0.000
136.000 169.000 1.000
136.000 300.000 0.000
137.000 148.000 1.000
137.000 241.000 2.000
137.000 300.000 0.000
138.000 100.000 2.000
138.000 300.000 0.000
140.000 119.000 1.000
140.000 177.000 4.000
140.000 217.000 7.000
140.000 228.000 8.000
140.000 300.000 0.000
141.000 100.000 2.000
141.000 142.000 3.000
141.000 177.000 8.000
141.000 300.000 0.000
142.000 100.000 1.000
142.000 146.000 2.000
142.000 167.000 3.000
142.000 178.000 13.000
142.000 300.000 0.000
143.000 100.000 1.000
143.000 169.000 2.000
143.000 181.000 3.000
143.000 300.000 0.000
144.000 100.000 2.000
144.000 142.000 3.000
144.000 153.000 4.000
144.000 169.000 5.000
144.000 180.000 13.000
144.000 218.000 16.000
144.000 300.000 0.000
145.000 100.000 2.000
145.000 148.000 3.000
145.000 167.000 4.000
145.000 178.000 10.000
145.000 218.000 13.000
145.000 242.000 14.000
145.000 300.000 0.000
146.000 169.000 1.000
146.000 218.000 2.000
146.000 300.000 0.000
147.000 100.000 2.000
147.000 142.000 3.000
147.000 159.000 4.000
147.000 177.000 11.000
147.000 300.000 0.000
148.000 241.000 1.000
148.000 277.000 2.000
148.000 289.000 3.000
148.000 300.000 0.000
149.000 100.000 2.000
149.000 171.000 3.000
149.000 182.000 11.000
149.000 193.000 12.000
149.000 218.000 13.000
149.000 300.000 0.000
150.000 100.000 1.000
150.000 171.000 2.000
150.000 300.000 0.000
151.000 142.000 1.000
151.000 177.000 2.000
151.000 218.000 4.000
151.000 300.000 0.000
152.000 100.000 1.000
152.000 141.000 2.000
152.000 152.000 3.000
152.000 177.000 4.000
152.000 188.000 5.000
152.000 241.000 8.000
152.000 300.000 0.000
153.000 142.000 1.000
153.000 169.000 2.000
153.000 180.000 10.000
153.000 201.000 12.000
153.000 300.000 0.000
154.000 100.000 1.000
154.000 177.000 4.000
154.000 300.000 0.000
155.000 100.000 5.000
155.000 119.000 6.000
155.000 142.000 8.000
155.000 170.000 9.000
155.000 217.000 10.000
155.000 228.000 14.000
155.000 241.000 17.000
155.000 300.000 0.000
156.000 100.000 4.000
156.000 178.000 6.000
156.000 190.000 7.000
156.000 218.000 10.000
156.000 242.000 12.000
156.000 300.000 0.000
158.000 100.000 9.000
158.000 169.000 11.000
158.000 218.000 18.000
158.000 300.000 0.000
159.000 100.000 3.000
159.000 141.000 4.000
159.000 159.000 5.000
159.000 177.000 11.000
159.000 188.000 13.000
159.000 218.000 26.000
159.000 300.000 0.000
160.000 100.000 3.000
160.000 142.000 5.000
160.000 169.000 6.000
160.000 180.000 9.000
160.000 242.000 11.000
160.000 300.000 0.000
161.000 177.000 1.000
161.000 188.000 2.000
161.000 241.000 3.000
161.000 252.000 4.000
161.000 300.000 0.000
162.000 100.000 1.000
162.000 177.000 5.000
162.000 188.000 6.000
162.000 217.000 7.000
162.000 300.000 0.000
163.000 100.000 3.000
163.000 170.000 4.000
163.000 217.000 6.000
163.000 228.000 9.000
163.000 300.000 0.000
164.000 100.000 2.000
164.000 177.000 4.000
164.000 188.000 6.000
164.000 199.000 7.000
164.000 218.000 14.000
164.000 300.000 0.000
166.000 100.000 2.000
166.000 146.000 3.000
166.000 170.000 4.000
166.000 181.000 6.000
166.000 217.000 7.000
166.000 300.000 0.000
167.000 142.000 1.000
167.000 171.000 2.000
167.000 300.000 0.000
170.000 100.000 1.000
170.000 177.000 2.000
170.000 218.000 3.000
170.000 300.000 0.000
171.000 269.000 1.000
171.000 300.000 0.000
172.000 177.000 1.000
172.000 300.000 0.000
173.000 100.000 1.000
173.000 177.000 3.000
173.000 242.000 6.000
173.000 300.000 0.000
174.000 100.000 2.000
174.000 142.000 3.000
174.000 177.000 10.000
174.000 300.000 0.000
175.000 100.000 6.000
175.000 158.000 7.000
175.000 169.000 8.000
175.000 180.000 53.000
175.000 300.000 0.000
176.000 100.000 1.000
176.000 170.000 2.000
176.000 218.000 3.000
176.000 242.000 4.000
176.000 300.000 0.000
177.000 177.000 1.000
177.000 300.000 0.000
178.000 100.000 4.000
178.000 148.000 5.000
178.000 159.000 6.000
178.000 170.000 12.000
178.000 218.000 13.000
178.000 300.000 0.000
179.000 100.000 9.000
179.000 147.000 10.000
179.000 158.000 13.000
179.000 177.000 42.000
179.000 300.000 0.000
180.000 219.000 1.000
180.000 300.000 0.000
181.000 242.000 1.000
181.000 300.000 0.000
182.000 217.000 1.000
182.000 300.000 0.000
183.000 237.000 1.000
183.000 248.000 10.000
183.000 300.000 0.000
185.000 170.000 1.000
185.000 181.000 2.000
185.000 218.000 3.000
185.000 242.000 5.000
185.000 281.000 7.000
185.000 300.000 0.000
186.000 100.000 2.000
186.000 142.000 3.000
186.000 158.000 4.000
186.000 169.000 7.000
186.000 180.000 10.000
186.000 300.000 0.000
187.000 218.000 1.000
187.000 300.000 0.000
188.000 100.000 1.000
188.000 148.000 2.000
188.000 167.000 3.000
188.000 178.000 17.000
188.000 300.000 0.000
189.000 100.000 2.000
189.000 142.000 3.000
189.000 177.000 5.000
189.000 188.000 6.000
189.000 199.000 7.000
189.000 218.000 9.000
189.000 242.000 11.000
189.000 300.000 0.000
190.000 100.000 1.000
190.000 146.000 2.000
190.000 177.000 8.000
190.000 218.000 11.000
190.000 300.000 0.000
