0.000 100.000 1.000
0.000 300.000 0.000
1.000 290.000 1.000
1.000 300.000 0.000
2.000 100.000 2.000
2.000 167.000 3.000
2.000 178.000 7.000
2.000 189.000 8.000
2.000 200.000 9.000
2.000 217.000 13.000
2.000 300.000 0.000
3.000 142.000 1.000
3.000 171.000 2.000
3.000 182.000 3.000
3.000 300.000 0.000
4.000 100.000 1.000
4.000 171.000 2.000
4.000 182.000 4.000
4.000 193.000 5.000
4.000 204.000 6.000
4.000 217.000 8.000
4.000 300.000 0.000
5.000 100.000 4.000
5.000 142.000 5.000
5.000 157.000 6.000
5.000 177.000 9.000
5.000 300.000 0.000
6.000 177.000 2.000
6.000 300.000 0.000
7.000 100.000 1.000
7.000 142.000 2.000
7.000 170.000 4.000
7.000 218.000 5.000
7.000 300.000 0.000
8.000 183.000 1.000
8.000 242.000 2.000
8.000 300.000 0.000
9.000 100.000 2.000
9.000 141.000 3.000
9.000 170.000 5.000
9.000 181.000 10.000
9.000 192.000 15.000
9.000 203.000 17.000
9.000 217.000 26.000
9.000 300.000 0.000
10.000 100.000 2.000
10.000 141.000 3.000
10.000 159.000 4.000
10.000 170.000 5.000
10.000 181.000 7.000
10.000 201.000 8.000
10.000 218.000 14.000
10.000 300.000 0.000
12.000 141.000 1.000
12.000 167.000 2.000
12.000 178.000 5.000
12.000 218.000 9.000
12.000 300.000 0.000
13.000 100.000 1.000
13.000 178.000 2.000
13.000 189.000 3.000
13.000 218.000 4.000
13.000 300.000 0.000
14.000 141.000 1.000
14.000 158.000 2.000
14.000 171.000 3.000
14.000 182.000 5.000
14.000 193.000 6.000
14.000 218.000 10.000
14.000 300.000 0.000
15.000 159.000 1.000
15.000 170.000 2.000
15.000 182.000 3.000
15.000 242.000 4.000
15.000 300.000 0.000
16.000 142.000 1.000
16.000 300.000 0.000
17.000 100.000 3.000
17.000 141.000 4.000
17.000 167.000 5.000
17.000 178.000 7.000
17.000 189.000 19.000
17.000 200.000 24.000
17.000 300.000 0.000
18.000 100.000 1.000
18.000 170.000 2.000
18.000 181.000 3.000
18.000 218.000 4.000
18.000 300.000 0.000
19.000 240.000 1.000
19.000 283.000 2.000
19.000 300.000 0.000
20.000 100.000 4.000
20.000 141.000 5.000
20.000 168.000 6.000
20.000 300.000 0.000
21.000 238.000 1.000
21.000 249.000 3.000
21.000 300.000 0.000
22.000 148.000 1.000
22.000 169.000 2.000
22.000 217.000 3.000
22.000 237.000 4.000
22.000 248.000 6.000
22.000 300.000 0.000
23.000 100.000 1.000
23.000 181.000 2.000
23.000 196.000 3.000
23.000 300.000 0.000
24.000 100.000 2.000
24.000 141.000 3.000
24.000 168.000 4.000
24.000 185.000 5.000
24.000 196.000 6.000
24.000 217.000 12.000
24.000 300.000 0.000
25.000 100.000 3.000
25.000 300.000 0.000
26.000 100.000 1.000
26.000 157.000 2.000
26.000 168.000 3.000
26.000 185.000 4.000
26.000 300.000 0.000
27.000 118.000 1.000
27.000 142.000 2.000
27.000 177.000 4.000
27.000 202.000 5.000
27.000 217.000 7.000
27.000 228.000 13.000
27.000 300.000 0.000
28.000 100.000 1.000
28.000 141.000 2.000
28.000 159.000 3.000
28.000 170.000 4.000
28.000 181.000 10.000
28.000 300.000 0.000
29.000 141.000 1.000
29.000 300.000 0.000
30.000 100.000 3.000
30.000 140.000 4.000
30.000 151.000 5.000
30.000 167.000 9.000
30.000 300.000 0.000
31.000 100.000 6.000
31.000 141.000 7.000
31.000 170.000 11.000
31.000 194.000 12.000
31.000 205.000 13.000
31.000 217.000 16.000
31.000 300.000 0.000
32.000 100.000 1.000
32.000 141.000 2.000
32.000 242.000 3.000
32.000 300.000 0.000
33.000 100.000 1.000
33.000 141.000 2.000
33.000 167.000 3.000
33.000 178.000 6.000
33.000 241.000 8.000
33.000 300.000 0.000
34.000 142.000 1.000
34.000 175.000 2.000
34.000 300.000 0.000
35.000 170.000 1.000
35.000 242.000 2.000
35.000 300.000 0.000
37.000 117.000 1.000
37.000 141.000 2.000
37.000 152.000 4.000
37.000 167.000 6.000
37.000 178.000 27.000
37.000 300.000 0.000
38.000 100.000 3.000
38.000 170.000 5.000
38.000 181.000 7.000
38.000 192.000 10.000
38.000 300.000 0.000
39.000 159.000 1.000
39.000 170.000 3.000
39.000 181.000 6.000
39.000 242.000 10.000
39.000 300.000 0.000
40.000 100.000 -98.000
40.000 111.000 -62.000
40.000 122.000 -9.000
40.000 133.000 -5.000
40.000 238.000 -3.000
40.000 249.000 23.000
40.000 300.000 0.000
41.000 142.000 -77.000
41.000 180.000 -62.000
41.000 191.000 -37.000
41.000 202.000 -20.000
41.000 213.000 -12.000
41.000 224.000 -6.000
41.000 235.000 -4.000
41.000 246.000 62.000
41.000 257.000 90.000
41.000 300.000 0.000
42.000 100.000 2.000
42.000 117.000 3.000
42.000 140.000 4.000
42.000 151.000 5.000
42.000 177.000 11.000
42.000 201.000 12.000
42.000 217.000 17.000
42.000 228.000 22.000
42.000 300.000 0.000
43.000 141.000 1.000
43.000 157.000 2.000
43.000 177.000 3.000
43.000 300.000 0.000
44.000 169.000 1.000
44.000 180.000 3.000
44.000 217.000 4.000
44.000 228.000 5.000
44.000 281.000 6.000
44.000 300.000 0.000
45.000 100.000 1.000
45.000 142.000 2.000
45.000 167.000 3.000
45.000 178.000 15.000
45.000 217.000 17.000
45.000 300.000 0.000
46.000 139.000 1.000
46.000 150.000 2.000
46.000 242.000 3.000
46.000 300.000 0.000
47.000 100.000 1.000
47.000 141.000 2.000
47.000 170.000 3.000
47.000 181.000 5.000
47.000 237.000 6.000
47.000 300.000 0.000
48.000 118.000 1.000
48.000 170.000 2.000
48.000 183.000 3.000
48.000 219.000 4.000
48.000 300.000 0.000
49.000 100.000 1.000
49.000 148.000 2.000
49.000 169.000 3.000
49.000 185.000 4.000
49.000 196.000 5.000
49.000 241.000 8.000
49.000 252.000 15.000
49.000 263.000 16.000
49.000 300.000 0.000
50.000 142.000 1.000
50.000 181.000 2.000
50.000 192.000 3.000
50.000 237.000 4.000
50.000 300.000 0.000
51.000 272.000 1.000
51.000 289.000 2.000
51.000 300.000 0.000
53.000 100.000 1.000
53.000 177.000 2.000
53.000 190.000 3.000
53.000 201.000 4.000
53.000 300.000 0.000
54.000 100.000 1.000
54.000 140.000 2.000
54.000 151.000 4.000
54.000 162.000 7.000
54.000 173.000 9.000
54.000 196.000 10.000
54.000 300.000 0.000
55.000 170.000 1.000
55.000 300.000 0.000
57.000 281.000 1.000
57.000 292.000 2.000
57.000 300.000 0.000
58.000 100.000 2.000
58.000 141.000 4.000
58.000 152.000 8.000
58.000 163.000 9.000
58.000 177.000 29.000
58.000 300.000 0.000
59.000 100.000 1.000
59.000 141.000 2.000
59.000 167.000 3.000
59.000 300.000 0.000
60.000 100.000 2.000
60.000 141.000 3.000
60.000 167.000 4.000
60.000 281.000 5.000
60.000 300.000 0.000
61.000 194.000 1.000
61.000 300.000 0.000
62.000 100.000 8.000
62.000 118.000 14.000
62.000 141.000 16.000
62.000 175.000 17.000
62.000 186.000 51.000
62.000 197.000 61.000
62.000 217.000 85.000
62.000 228.000 121.000
62.000 279.000 12.000
62.000 290.000 23.000
62.000 300.000 0.000
63.000 100.000 2.000
63.000 141.000 3.000
63.000 152.000 5.000
63.000 163.000 6.000
63.000 174.000 8.000
63.000 185.000 12.000
63.000 300.000 0.000
64.000 100.000 2.000
64.000 141.000 3.000
64.000 171.000 4.000
64.000 217.000 5.000
64.000 300.000 0.000
66.000 167.000 1.000
66.000 178.000 2.000
66.000 218.000 3.000
66.000 300.000 0.000
67.000 100.000 10.000
67.000 300.000 0.000
68.000 100.000 1.000
68.000 141.000 2.000
68.000 152.000 4.000
68.000 167.000 6.000
68.000 300.000 0.000
69.000 218.000 1.000
69.000 300.000 0.000
71.000 100.000 1.000
71.000 177.000 2.000
71.000 242.000 3.000
71.000 300.000 0.000
72.000 100.000 1.000
72.000 118.000 2.000
72.000 142.000 3.000
72.000 167.000 4.000
72.000 178.000 12.000
72.000 189.000 39.000
72.000 200.000 46.000
72.000 217.000 48.000
72.000 228.000 66.000
72.000 300.000 0.000
73.000 100.000 11.000
73.000 142.000 12.000
73.000 170.000 16.000
73.000 300.000 0.000
74.000 168.000 1.000
74.000 183.000 2.000
74.000 195.000 3.000
74.000 300.000 0.000
75.000 100.000 7.000
75.000 118.000 8.000
75.000 141.000 12.000
75.000 167.000 13.000
75.000 178.000 40.000
75.000 190.000 41.000
75.000 201.000 44.000
75.000 218.000 50.000
75.000 300.000 0.000
76.000 118.000 1.000
76.000 139.000 2.000
76.000 150.000 6.000
76.000 161.000 7.000
76.000 172.000 8.000
76.000 185.000 9.000
76.000 218.000 14.000
76.000 300.000 0.000
77.000 100.000 1.000
77.000 167.000 2.000
77.000 178.000 4.000
77.000 189.000 5.000
77.000 200.000 6.000
77.000 218.000 8.000
77.000 300.000 0.000
78.000 100.000 1.000
78.000 176.000 2.000
78.000 187.000 4.000
78.000 201.000 5.000
78.000 217.000 9.000
78.000 300.000 0.000
79.000 167.000 1.000
79.000 300.000 0.000
80.000 167.000 1.000
80.000 300.000 0.000
81.000 100.000 3.000
81.000 170.000 4.000
81.000 191.000 5.000
81.000 218.000 6.000
81.000 300.000 0.000
82.000 141.000 1.000
82.000 178.000 2.000
82.000 189.000 3.000
82.000 200.000 4.000
82.000 242.000 6.000
82.000 283.000 8.000
82.000 300.000 0.000
83.000 100.000 1.000
83.000 176.000 2.000
83.000 187.000 4.000
83.000 218.000 5.000
83.000 300.000 0.000
84.000 142.000 1.000
84.000 300.000 0.000
85.000 281.000 1.000
85.000 300.000 0.000
86.000 100.000 6.000
86.000 175.000 7.000
86.000 218.000 8.000
86.000 300.000 0.000
87.000 146.000 1.000
87.000 165.000 2.000
87.000 240.000 3.000
87.000 251.000 17.000
87.000 262.000 22.000
87.000 273.000 35.000
87.000 284.000 62.000
87.000 300.000 0.000
88.000 241.000 1.000
88.000 258.000 2.000
88.000 300.000 0.000
89.000 100.000 1.000
89.000 142.000 2.000
89.000 158.000 3.000
89.000 300.000 0.000
90.000 100.000 1.000
90.000 167.000 2.000
90.000 178.000 6.000
90.000 191.000 7.000
90.000 218.000 14.000
90.000 300.000 0.000
91.000 100.000 1.000
91.000 201.000 2.000
91.000 218.000 3.000
91.000 300.000 0.000
92.000 177.000 1.000
92.000 300.000 0.000
93.000 117.000 1.000
93.000 142.000 2.000
93.000 167.000 3.000
93.000 178.000 19.000
93.000 189.000 20.000
93.000 200.000 22.000
93.000 217.000 46.000
93.000 300.000 0.000
94.000 118.000 1.000
94.000 177.000 2.000
94.000 188.000 3.000
94.000 217.000 4.000
94.000 289.000 5.000
94.000 300.000 0.000
95.000 100.000 1.000
95.000 170.000 2.000
95.000 185.000 3.000
95.000 196.000 4.000
95.000 241.000 5.000
95.000 252.000 6.000
95.000 300.000 0.000
96.000 100.000 1.000
96.000 140.000 2.000
96.000 151.000 4.000
96.000 162.000 5.000
96.000 177.000 8.000
96.000 188.000 11.000
96.000 300.000 0.000
97.000 117.000 1.000
97.000 176.000 2.000
97.000 191.000 3.000
97.000 218.000 5.000
97.000 300.000 0.000
98.000 100.000 2.000
98.000 140.000 3.000
98.000 151.000 7.000
98.000 162.000 12.000
98.000 173.000 13.000
98.000 300.000 0.000
100.000 100.000 3.000
100.000 168.000 4.000
100.000 179.000 6.000
100.000 194.000 7.000
100.000 205.000 11.000
100.000 217.000 12.000
100.000 300.000 0.000
101.000 100.000 6.000
101.000 159.000 7.000
101.000 177.000 8.000
101.000 188.000 9.000
101.000 199.000 13.000
101.000 217.000 17.000
101.000 228.000 24.000
101.000 300.000 0.000
102.000 100.000 2.000
102.000 170.000 4.000
102.000 217.000 6.000
102.000 242.000 9.000
102.000 300.000 0.000
103.000 100.000 1.000
103.000 148.000 2.000
103.000 300.000 0.000
104.000 141.000 1.000
104.000 218.000 2.000
104.000 300.000 0.000
105.000 100.000 6.000
105.000 142.000 7.000
105.000 159.000 9.000
105.000 170.000 14.000
105.000 196.000 15.000
105.000 218.000 21.000
105.000 300.000 0.000
106.000 100.000 2.000
106.000 183.000 3.000
106.000 194.000 5.000
106.000 205.000 7.000
106.000 217.000 8.000
106.000 300.000 0.000
107.000 100.000 2.000
107.000 141.000 4.000
107.000 157.000 5.000
107.000 168.000 10.000
107.000 218.000 12.000
107.000 300.000 0.000
108.000 141.000 1.000
108.000 183.000 2.000
108.000 242.000 5.000
108.000 300.000 0.000
109.000 100.000 11.000
109.000 177.000 13.000
109.000 188.000 19.000
109.000 199.000 24.000
109.000 300.000 0.000
110.000 100.000 1.000
110.000 141.000 2.000
110.000 241.000 5.000
110.000 300.000 0.000
111.000 117.000 1.000
111.000 128.000 2.000
111.000 141.000 3.000
111.000 167.000 4.000
111.000 178.000 8.000
111.000 218.000 11.000
111.000 300.000 0.000
112.000 100.000 3.000
112.000 141.000 4.000
112.000 167.000 7.000
112.000 181.000 9.000
112.000 192.000 12.000
112.000 203.000 14.000
112.000 217.000 35.000
112.000 242.000 39.000
112.000 267.000 48.000
112.000 300.000 0.000
113.000 141.000 1.000
113.000 162.000 2.000
113.000 177.000 3.000
113.000 300.000 0.000
114.000 100.000 7.000
114.000 117.000 10.000
114.000 141.000 11.000
114.000 178.000 15.000
114.000 189.000 17.000
114.000 201.000 18.000
114.000 217.000 32.000
114.000 300.000 0.000
115.000 241.000 1.000
115.000 252.000 2.000
115.000 300.000 0.000
116.000 159.000 1.000
116.000 300.000 0.000
117.000 100.000 1.000
117.000 177.000 3.000
117.000 188.000 6.000
117.000 199.000 7.000
117.000 217.000 10.000
117.000 300.000 0.000
118.000 100.000 8.000
118.000 167.000 10.000
118.000 218.000 14.000
118.000 300.000 0.000
119.000 100.000 2.000
119.000 141.000 4.000
119.000 177.000 7.000
119.000 218.000 8.000
119.000 300.000 0.000
120.000 100.000 1.000
120.000 139.000 2.000
120.000 167.000 3.000
120.000 178.000 8.000
120.000 217.000 11.000
120.000 289.000 15.000
120.000 300.000 0.000
121.000 100.000 2.000
121.000 142.000 3.000
121.000 176.000 4.000
121.000 201.000 5.000
121.000 217.000 7.000
121.000 242.000 8.000
121.000 300.000 0.000
122.000 141.000 1.000
122.000 167.000 2.000
122.000 300.000 0.000
123.000 100.000 4.000
123.000 177.000 5.000
123.000 190.000 6.000
123.000 201.000 9.000
123.000 218.000 15.000
123.000 300.000 0.000
124.000 242.000 1.000
124.000 300.000 0.000
125.000 147.000 1.000
125.000 159.000 2.000
125.000 300.000 0.000
126.000 100.000 1.000
126.000 241.000 2.000
126.000 300.000 0.000
127.000 177.000 1.000
127.000 300.000 0.000
128.000 100.000 11.000
128.000 141.000 14.000
128.000 170.000 17.000
128.000 183.000 21.000
128.000 194.000 24.000
128.000 205.000 26.000
128.000 217.000 42.000
128.000 228.000 63.000
128.000 300.000 0.000
129.000 100.000 1.000
129.000 141.000 2.000
129.000 152.000 3.000
129.000 171.000 4.000
129.000 300.000 0.000
131.000 100.000 1.000
131.000 118.000 2.000
131.000 141.000 3.000
131.000 177.000 4.000
131.000 190.000 5.000
131.000 217.000 6.000
131.000 228.000 8.000
131.000 300.000 0.000
133.000 177.000 1.000
133.000 217.000 2.000
133.000 279.000 3.000
133.000 300.000 0.000
134.000 100.000 6.000
134.000 141.000 9.000
134.000 152.000 13.000
134.000 163.000 21.000
134.000 174.000 28.000
134.000 300.000 0.000
135.000 100.000 36.000
135.000 117.000 42.000
135.000 142.000 45.000
135.000 167.000 49.000
135.000 178.000 72.000
135.000 189.000 76.000
135.000 200.000 93.000
135.000 217.000 146.000
135.000 228.000 233.000
135.000 279.000 17.000
135.000 290.000 23.000
135.000 300.000 0.000
136.000 100.000 3.000
136.000 117.000 4.000
136.000 140.000 5.000
136.000 151.000 6.000
136.000 168.000 7.000
136.000 179.000 8.000
136.000 190.000 9.000
136.000 201.000 10.000
136.000 218.000 14.000
136.000 300.000 0.000
137.000 100.000 4.000
137.000 177.000 6.000
137.000 188.000 7.000
137.000 199.000 9.000
137.000 218.000 14.000
137.000 300.000 0.000
138.000 100.000 6.000
138.000 142.000 7.000
138.000 168.000 8.000
138.000 179.000 15.000
138.000 190.000 16.000
138.000 201.000 20.000
138.000 217.000 21.000
138.000 228.000 27.000
138.000 300.000 0.000
139.000 100.000 11.000
139.000 141.000 13.000
139.000 167.000 18.000
139.000 181.000 21.000
139.000 192.000 38.000
139.000 203.000 43.000
139.000 300.000 0.000
140.000 289.000 1.000
140.000 300.000 0.000
141.000 100.000 6.000
141.000 141.000 8.000
141.000 167.000 10.000
141.000 241.000 18.000
141.000 252.000 28.000
141.000 267.000 30.000
141.000 300.000 0.000
142.000 158.000 1.000
142.000 177.000 2.000
142.000 190.000 3.000
142.000 218.000 4.000
142.000 300.000 0.000
143.000 141.000 1.000
143.000 177.000 2.000
143.000 300.000 0.000
144.000 140.000 1.000
144.000 151.000 2.000
144.000 167.000 3.000
144.000 300.000 0.000
146.000 100.000 3.000
146.000 142.000 4.000
146.000 157.000 5.000
146.000 177.000 6.000
146.000 278.000 7.000
146.000 289.000 9.000
146.000 300.000 0.000
147.000 237.000 1.000
147.000 248.000 5.000
147.000 278.000 6.000
147.000 289.000 11.000
147.000 300.000 0.000
148.000 142.000 1.000
148.000 179.000 2.000
148.000 300.000 0.000
149.000 100.000 3.000
149.000 141.000 5.000
149.000 152.000 10.000
149.000 163.000 14.000
149.000 242.000 26.000
149.000 300.000 0.000
150.000 100.000 5.000
150.000 141.000 6.000
150.000 152.000 7.000
150.000 167.000 10.000
150.000 178.000 33.000
150.000 300.000 0.000
151.000 100.000 10.000
151.000 141.000 13.000
151.000 171.000 15.000
151.000 191.000 17.000
151.000 202.000 28.000
151.000 217.000 36.000
151.000 300.000 0.000
152.000 100.000 1.000
152.000 141.000 2.000
152.000 157.000 3.000
152.000 168.000 4.000
152.000 185.000 5.000
152.000 196.000 8.000
152.000 207.000 10.000
152.000 218.000 18.000
152.000 300.000 0.000
153.000 178.000 1.000
153.000 217.000 2.000
153.000 228.000 3.000
153.000 300.000 0.000
154.000 100.000 6.000
154.000 141.000 9.000
154.000 176.000 10.000
154.000 191.000 11.000
154.000 202.000 12.000
154.000 218.000 19.000
154.000 300.000 0.000
155.000 178.000 1.000
155.000 300.000 0.000
156.000 100.000 10.000
156.000 170.000 12.000
156.000 300.000 0.000
157.000 100.000 3.000
157.000 141.000 5.000
157.000 152.000 7.000
157.000 163.000 9.000
157.000 196.000 10.000
157.000 218.000 17.000
157.000 300.000 0.000
158.000 100.000 3.000
158.000 142.000 4.000
158.000 153.000 5.000
158.000 164.000 9.000
158.000 175.000 13.000
158.000 300.000 0.000
159.000 100.000 2.000
159.000 141.000 3.000
159.000 180.000 4.000
159.000 218.000 5.000
159.000 300.000 0.000
161.000 100.000 4.000
161.000 142.000 5.000
161.000 167.000 6.000
161.000 178.000 18.000
161.000 189.000 19.000
161.000 218.000 32.000
161.000 300.000 0.000
162.000 100.000 1.000
162.000 118.000 2.000
162.000 142.000 3.000
162.000 170.000 4.000
162.000 181.000 6.000
162.000 192.000 8.000
162.000 217.000 12.000
162.000 228.000 14.000
162.000 300.000 0.000
163.000 100.000 2.000
163.000 167.000 3.000
163.000 178.000 14.000
163.000 201.000 15.000
163.000 217.000 16.000
163.000 300.000 0.000
165.000 283.000 1.000
165.000 300.000 0.000
166.000 177.000 1.000
166.000 300.000 0.000
167.000 100.000 1.000
167.000 170.000 2.000
167.000 181.000 5.000
167.000 194.000 6.000
167.000 205.000 7.000
167.000 217.000 8.000
167.000 228.000 10.000
167.000 300.000 0.000
168.000 100.000 2.000
168.000 137.000 3.000
168.000 148.000 11.000
168.000 168.000 12.000
168.000 300.000 0.000
169.000 100.000 2.000
169.000 141.000 3.000
169.000 170.000 4.000
169.000 300.000 0.000
170.000 142.000 1.000
170.000 178.000 2.000
170.000 300.000 0.000
171.000 100.000 1.000
171.000 177.000 2.000
171.000 188.000 4.000
171.000 199.000 5.000
171.000 219.000 6.000
171.000 300.000 0.000
172.000 100.000 3.000
172.000 118.000 6.000
172.000 141.000 8.000
172.000 170.000 9.000
172.000 194.000 10.000
172.000 217.000 12.000
172.000 228.000 22.000
172.000 242.000 32.000
172.000 300.000 0.000
173.000 100.000 4.000
173.000 141.000 5.000
173.000 152.000 7.000
173.000 163.000 11.000
173.000 174.000 12.000
173.000 300.000 0.000
174.000 100.000 12.000
174.000 117.000 15.000
174.000 128.000 17.000
174.000 141.000 30.000
174.000 177.000 54.000
174.000 217.000 90.000
174.000 228.000 102.000
174.000 242.000 143.000
174.000 253.000 158.000
174.000 300.000 0.000
175.000 100.000 3.000
175.000 141.000 6.000
175.000 152.000 12.000
175.000 170.000 15.000
175.000 300.000 0.000
176.000 100.000 6.000
176.000 178.000 7.000
176.000 189.000 15.000
176.000 200.000 19.000
176.000 217.000 31.000
176.000 228.000 34.000
176.000 300.000 0.000
177.000 100.000 1.000
177.000 177.000 3.000
177.000 188.000 4.000
177.000 218.000 6.000
177.000 300.000 0.000
178.000 100.000 18.000
178.000 142.000 22.000
178.000 153.000 24.000
178.000 164.000 26.000
178.000 175.000 29.000
178.000 186.000 77.000
178.000 300.000 0.000
179.000 100.000 2.000
179.000 141.000 3.000
179.000 170.000 4.000
179.000 181.000 6.000
179.000 192.000 7.000
179.000 217.000 9.000
179.000 228.000 19.000
179.000 300.000 0.000
180.000 239.000 1.000
180.000 250.000 3.000
180.000 300.000 0.000
182.000 100.000 1.000
182.000 159.000 2.000
182.000 170.000 3.000
182.000 196.000 4.000
182.000 300.000 0.000
183.000 100.000 2.000
183.000 141.000 3.000
183.000 168.000 4.000
183.000 179.000 5.000
183.000 194.000 6.000
183.000 218.000 9.000
183.000 278.000 10.000
183.000 300.000 0.000
184.000 141.000 1.000
184.000 167.000 2.000
184.000 178.000 3.000
184.000 300.000 0.000
185.000 100.000 2.000
185.000 241.000 3.000
185.000 300.000 0.000
186.000 100.000 1.000
186.000 141.000 2.000
186.000 152.000 4.000
186.000 167.000 6.000
186.000 194.000 7.000
186.000 217.000 11.000
186.000 300.000 0.000
188.000 167.000 1.000
188.000 300.000 0.000
189.000 100.000 1.000
189.000 141.000 2.000
189.000 152.000 5.000
189.000 177.000 8.000
189.000 300.000 0.000
190.000 177.000 1.000
190.000 300.000 0.000
